100
Particles
0 15.9309 3.6687 1.70165
1 11.937 8.91666 -2.38807
2 9.18498 6.67417 -2.47116
3 13.0178 1.12823 1.16411
4 18.7711 0.0155753 3.38768
5 12.3496 12.2331 -2.96236
6 0.461249 10.4955 -0.917548
7 0.933313 19.4751 -1.74262
8 1.81213 12.3677 -0.780283
9 19.6646 9.33526 2.41491
10 13.6062 9.00999 -3.21479
11 18.844 11.2658 -0.918288
12 0.319325 4.61788 -1.89053
13 13.6653 12.1999 2.04848
14 3.46729 7.82121 -1.87813
15 15.1072 8.50312 -2.11265
16 11.354 0.626266 2.41153
17 8.99508 7.903 2.64456
18 14.5454 6.53082 0.279116
19 10.4167 19.2234 1.90959
20 14.9464 10.7938 0.345812
21 19.3051 12.1407 -1.13436
22 5.92547 3.30534 -2.95647
23 8.46803 7.89763 -1.28706
24 0.281596 3.97685 1.42662
25 15.8035 12.1192 2.63811
26 13.0215 18.2992 2.3439
27 8.98901 1.9082 -1.09585
28 13.3768 13.3184 0.615133
29 5.49444 11.2249 -0.950071
30 19.4342 16.9783 1.15451
31 4.7197 5.12137 -2.98689
32 14.2133 2.21782 -0.63764
33 4.03438 17.9153 -0.409752
34 11.2655 13.9103 -2.38464
35 12.0883 10.7968 -1.56444
36 18.8571 11.9773 1.01987
37 17.6094 12.4871 -1.58745
38 2.10989 9.13069 -1.60361
39 8.3302 17.6656 -0.910834
40 2.44176 7.12596 2.45961
41 5.44264 12.9538 -3.16052
42 7.05138 6.09563 -2.01292
43 10.6818 9.6966 0.925148
44 5.38825 4.88251 -1.80198
45 4.37528 11.162 -0.361257
46 1.29784 5.07831 -1.74066
47 13.9261 14.2454 -2.51568
48 19.9548 5.33562 3.267
49 8.22074 0.661015 -0.972793
50 12.687 13.6141 0.219109
51 8.95566 11.0579 0.698019
52 1.61707 7.39309 -1.54727
53 16.0628 9.40601 3.31634
54 7.97649 16.3286 2.15369
55 3.01435 10.164 1.46105
56 17.1672 6.51918 -1.67207
57 14.223 16.19 -0.761768
58 1.92353 18.8105 -0.532256
59 10.355 16.7542 1.14999
60 14.7043 4.18143 0.0270052
61 13.9157 4.571 -1.84678
62 19.6434 10.3327 -1.30129
63 19.9251 19.3084 0.445399
64 17.6527 3.77414 -1.18806
65 14.0072 16.9332 2.33403
66 8.09016 17.7554 2.02065
67 18.7127 15.7068 0.91976
68 11.6137 7.44566 2.58611
69 19.4733 5.67842 -1.30006
70 9.71227 8.96848 2.81709
71 3.5185 0.361507 0.0359342
72 3.57645 7.32938 1.43147
73 14.4188 6.16122 0.365132
74 10.1763 12.7267 -1.6399
75 11.7974 19.5779 0.0308097
76 18.122 8.68789 -1.04212
77 12.9021 13.3785 2.13777
78 4.60371 9.98387 0.449926
79 15.3711 0.872076 3.22855
80 9.39889 5.59121 2.31427
81 14.9544 19.0614 -0.789073
82 11.0553 11.4458 2.72847
83 1.50693 6.11394 -1.99362
84 5.3695 9.7056 -0.506142
85 7.89383 16.8843 2.73202
86 1.40832 4.17837 1.02724
87 7.17294 5.08327 -1.24317
88 6.45102 16.9734 -2.23547
89 14.1782 11.0564 -1.13302
90 8.39562 5.12414 0.466732
91 1.63188 0.103697 0.646515
92 3.88548 1.41882 -0.597919
93 1.01537 17.7323 -2.73741
94 11.5773 8.76948 1.11974
95 6.56305 3.10083 2.86325
96 16.7787 17.2081 -1.45622
97 0.776695 6.06531 0.383735
98 6.53302 16.5574 -1.59991
99 19.305 9.1453 2.07217
