100
Particles
0 15.9309 3.6687 1.72322
1 11.937 8.91666 -2.39024
2 9.18498 6.67417 -2.54052
3 13.0178 1.12823 1.03696
4 18.7711 0.0155753 -3.14685
5 12.3496 12.2331 -3.24291
6 0.461249 10.4955 -0.629438
7 0.933313 19.4751 -1.5245
8 1.81213 12.3677 -0.871449
9 19.6646 9.33526 2.70193
10 13.6062 9.00999 3.17947
11 18.844 11.2658 -0.929271
12 0.319325 4.61788 -1.89491
13 13.6653 12.1999 1.78665
14 3.46729 7.82121 -2.13467
15 15.1072 8.50312 -2.04829
16 11.354 0.626266 2.44527
17 8.99508 7.903 2.46406
18 14.5454 6.53082 0.559468
19 10.4167 19.2234 2.08634
20 14.9464 10.7938 0.102945
21 19.3051 12.1407 -0.863602
22 5.92547 3.30534 -2.65849
23 8.46803 7.89763 -0.975459
24 0.281596 3.97685 1.14756
25 15.8035 12.1192 2.78704
26 13.0215 18.2992 2.37274
27 8.98901 1.9082 -0.966523
28 13.3768 13.3184 0.909596
29 5.49444 11.2249 -0.831928
30 19.4342 16.9783 1.36623
31 4.7197 5.12137 -2.75638
32 14.2133 2.21782 -0.424966
33 4.03438 17.9153 -0.45619
34 11.2655 13.9103 -2.55895
35 12.0883 10.7968 -1.62937
36 18.8571 11.9773 1.26611
37 17.6094 12.4871 -1.80949
38 2.10989 9.13069 -1.59524
39 8.3302 17.6656 -1.07845
40 2.44176 7.12596 2.51069
41 5.44264 12.9538 3.35083
42 7.05138 6.09563 -1.77394
43 10.6818 9.6966 0.759703
44 5.38825 4.88251 -1.54582
45 4.37528 11.162 -0.303521
46 1.29784 5.07831 -1.83477
47 13.9261 14.2454 -2.38487
48 19.9548 5.33562 -3.02771
49 8.22074 0.661015 -1.04946
50 12.687 13.6141 0.347968
51 8.95566 11.0579 0.540137
52 1.61707 7.39309 -1.65392
53 16.0628 9.40601 -3.00803
54 7.97649 16.3286 1.99892
55 3.01435 10.164 1.40148
56 17.1672 6.51918 -1.62716
57 14.223 16.19 -0.610359
58 1.92353 18.8105 -0.364372
59 10.355 16.7542 1.35281
60 14.7043 4.18143 0.180448
61 13.9157 4.571 -1.73303
62 19.6434 10.3327 -1.46622
63 19.9251 19.3084 0.382707
64 17.6527 3.77414 -1.20206
65 14.0072 16.9332 2.07196
66 8.09016 17.7554 2.03848
67 18.7127 15.7068 0.879759
68 11.6137 7.44566 2.77593
69 19.4733 5.67842 -0.999781
70 9.71227 8.96848 2.85228
71 3.5185 0.361507 -0.0754752
72 3.57645 7.32938 1.14458
73 14.4188 6.16122 0.631943
74 10.1763 12.7267 -1.37656
75 11.7974 19.5779 -0.124391
76 18.122 8.68789 -0.919343
77 12.9021 13.3785 1.87101
78 4.60371 9.98387 0.240203
79 15.3711 0.872076 -3.23257
80 9.39889 5.59121 2.18515
81 14.9544 19.0614 -0.477533
82 11.0553 11.4458 2.85221
83 1.50693 6.11394 -2.06638
84 5.3695 9.7056 -0.357168
85 7.89383 16.8843 2.99293
86 1.40832 4.17837 1.31545
87 7.17294 5.08327 -1.52098
88 6.45102 16.9734 -2.30174
89 14.1782 11.0564 -1.3801
90 8.39562 5.12414 0.363474
91 1.63188 0.103697 0.438969
92 3.88548 1.41882 -0.505652
93 1.01537 17.7323 -2.80761
94 11.5773 8.76948 0.949718
95 6.56305 3.10083 2.71619
96 16.7787 17.2081 -1.54396
97 0.776695 6.06531 0.232907
98 6.53302 16.5574 -1.62929
99 19.305 9.1453 1.77831
