100
Particles
0 15.9309 3.6687 1.25032
1 11.937 8.91666 -2.1645
2 9.18498 6.67417 -2.65434
3 13.0178 1.12823 1.46021
4 18.7711 0.0155753 2.75305
5 12.3496 12.2331 -2.99221
6 0.461249 10.4955 -0.429743
7 0.933313 19.4751 -1.32722
8 1.81213 12.3677 -0.885759
9 19.6646 9.33526 1.91494
10 13.6062 9.00999 2.95062
11 18.844 11.2658 -0.0524396
12 0.319325 4.61788 -1.79922
13 13.6653 12.1999 1.07362
14 3.46729 7.82121 -1.52651
15 15.1072 8.50312 -2.17166
16 11.354 0.626266 2.5358
17 8.99508 7.903 2.75857
18 14.5454 6.53082 0.461009
19 10.4167 19.2234 2.82985
20 14.9464 10.7938 0.0735847
21 19.3051 12.1407 -0.69854
22 5.92547 3.30534 -2.9018
23 8.46803 7.89763 -0.488931
24 0.281596 3.97685 2.07376
25 15.8035 12.1192 3.01192
26 13.0215 18.2992 1.80094
27 8.98901 1.9082 -1.76652
28 13.3768 13.3184 0.769941
29 5.49444 11.2249 -1.44136
30 19.4342 16.9783 1.96998
31 4.7197 5.12137 -2.61029
32 14.2133 2.21782 -0.109033
33 4.03438 17.9153 0.331688
34 11.2655 13.9103 -2.50704
35 12.0883 10.7968 -1.96276
36 18.8571 11.9773 1.05201
37 17.6094 12.4871 -1.86288
38 2.10989 9.13069 -1.80299
39 8.3302 17.6656 -1.52833
40 2.44176 7.12596 2.29691
41 5.44264 12.9538 -2.25673
42 7.05138 6.09563 -1.22106
43 10.6818 9.6966 0.0209218
44 5.38825 4.88251 -1.34022
45 4.37528 11.162 -0.52849
46 1.29784 5.07831 -2.30121
47 13.9261 14.2454 -2.06702
48 19.9548 5.33562 2.50392
49 8.22074 0.661015 -1.45818
50 12.687 13.6141 0.0457658
51 8.95566 11.0579 1.55785
52 1.61707 7.39309 -2.13468
53 16.0628 9.40601 2.9345
54 7.97649 16.3286 2.0877
55 3.01435 10.164 1.15101
56 17.1672 6.51918 -1.27102
57 14.223 16.19 0.395176
58 1.92353 18.8105 -0.408712
59 10.355 16.7542 1.0929
60 14.7043 4.18143 0.667044
61 13.9157 4.571 -1.60566
62 19.6434 10.3327 -1.35316
63 19.9251 19.3084 -0.436494
64 17.6527 3.77414 -0.170462
65 14.0072 16.9332 1.70876
66 8.09016 17.7554 2.31731
67 18.7127 15.7068 0.4315
68 11.6137 7.44566 -3.18905
69 19.4733 5.67842 -1.04789
70 9.71227 8.96848 -2.6412
71 3.5185 0.361507 -0.808128
72 3.57645 7.32938 1.18434
73 14.4188 6.16122 0.540187
74 10.1763 12.7267 -1.21259
75 11.7974 19.5779 -0.00549737
76 18.122 8.68789 -0.603636
77 12.9021 13.3785 2.09803
78 4.60371 9.98387 -0.77366
79 15.3711 0.872076 2.96734
80 9.39889 5.59121 2.15144
81 14.9544 19.0614 -0.197648
82 11.0553 11.4458 -2.4981
83 1.50693 6.11394 -1.93413
84 5.3695 9.7056 -0.0356932
85 7.89383 16.8843 -2.57553
86 1.40832 4.17837 1.67524
87 7.17294 5.08327 -2.30516
88 6.45102 16.9734 -2.10396
89 14.1782 11.0564 -0.639806
90 8.39562 5.12414 0.311244
91 1.63188 0.103697 0.0756485
92 3.88548 1.41882 -1.08243
93 1.01537 17.7323 -2.39699
94 11.5773 8.76948 1.04458
95 6.56305 3.10083 2.57878
96 16.7787 17.2081 -0.698002
97 0.776695 6.06531 1.05998
98 6.53302 16.5574 -1.33613
99 19.305 9.1453 1.77365
