100
Particles
0 15.9309 3.6687 1.17452
1 11.937 8.91666 -2.09819
2 9.18498 6.67417 -2.74436
3 13.0178 1.12823 1.48126
4 18.7711 0.0155753 2.9301
5 12.3496 12.2331 -2.86316
6 0.461249 10.4955 -0.46344
7 0.933313 19.4751 -1.09838
8 1.81213 12.3677 -0.849229
9 19.6646 9.33526 1.94002
10 13.6062 9.00999 2.65794
11 18.844 11.2658 0.253359
12 0.319325 4.61788 -2.03611
13 13.6653 12.1999 0.904688
14 3.46729 7.82121 -1.80819
15 15.1072 8.50312 -2.0837
16 11.354 0.626266 2.36282
17 8.99508 7.903 2.55751
18 14.5454 6.53082 0.202491
19 10.4167 19.2234 2.5806
20 14.9464 10.7938 0.126785
21 19.3051 12.1407 -0.580285
22 5.92547 3.30534 -2.96628
23 8.46803 7.89763 -0.501562
24 0.281596 3.97685 2.19061
25 15.8035 12.1192 2.70868
26 13.0215 18.2992 1.68981
27 8.98901 1.9082 -1.46926
28 13.3768 13.3184 0.820277
29 5.49444 11.2249 -1.59579
30 19.4342 16.9783 1.98363
31 4.7197 5.12137 -2.70915
32 14.2133 2.21782 -0.0887725
33 4.03438 17.9153 0.0965342
34 11.2655 13.9103 -2.73781
35 12.0883 10.7968 -2.18673
36 18.8571 11.9773 1.32835
37 17.6094 12.4871 -1.71655
38 2.10989 9.13069 -2.01513
39 8.3302 17.6656 -1.72415
40 2.44176 7.12596 2.44195
41 5.44264 12.9538 -2.47277
42 7.05138 6.09563 -1.38784
43 10.6818 9.6966 0.312051
44 5.38825 4.88251 -1.49397
45 4.37528 11.162 -0.426934
46 1.29784 5.07831 -2.00048
47 13.9261 14.2454 -2.146
48 19.9548 5.33562 2.20077
49 8.22074 0.661015 -1.61894
50 12.687 13.6141 0.253662
51 8.95566 11.0579 1.78694
52 1.61707 7.39309 -1.96597
53 16.0628 9.40601 2.69141
54 7.97649 16.3286 2.27337
55 3.01435 10.164 1.41407
56 17.1672 6.51918 -1.2078
57 14.223 16.19 0.672186
58 1.92353 18.8105 -0.203353
59 10.355 16.7542 1.19781
60 14.7043 4.18143 0.715541
61 13.9157 4.571 -1.7008
62 19.6434 10.3327 -1.56724
63 19.9251 19.3084 -0.37055
64 17.6527 3.77414 -0.284746
65 14.0072 16.9332 1.939
66 8.09016 17.7554 2.62728
67 18.7127 15.7068 0.590105
68 11.6137 7.44566 2.83683
69 19.4733 5.67842 -1.18066
70 9.71227 8.96848 -2.88681
71 3.5185 0.361507 -0.713559
72 3.57645 7.32938 1.35097
73 14.4188 6.16122 0.807647
74 10.1763 12.7267 -1.25143
75 11.7974 19.5779 0.246694
76 18.122 8.68789 -0.3662
77 12.9021 13.3785 1.98317
78 4.60371 9.98387 -0.541873
79 15.3711 0.872076 2.88922
80 9.39889 5.59121 2.02381
81 14.9544 19.0614 -0.103982
82 11.0553 11.4458 -2.60593
83 1.50693 6.11394 -1.85232
84 5.3695 9.7056 0.0333161
85 7.89383 16.8843 -2.53567
86 1.40832 4.17837 1.6001
87 7.17294 5.08327 -2.27469
88 6.45102 16.9734 -2.04334
89 14.1782 11.0564 -0.6111
90 8.39562 5.12414 0.276322
91 1.63188 0.103697 -0.229295
92 3.88548 1.41882 -1.02773
93 1.01537 17.7323 -2.60532
94 11.5773 8.76948 1.13416
95 6.56305 3.10083 2.74173
96 16.7787 17.2081 -0.697722
97 0.776695 6.06531 1.0866
98 6.53302 16.5574 -1.05246
99 19.305 9.1453 1.99179
