100
Particles
0 15.9309 3.6687 1.4348
1 11.937 8.91666 -1.90104
2 9.18498 6.67417 -2.99009
3 13.0178 1.12823 1.26072
4 18.7711 0.0155753 2.94683
5 12.3496 12.2331 -3.02271
6 0.461249 10.4955 -0.478083
7 0.933313 19.4751 -1.16475
8 1.81213 12.3677 -0.818181
9 19.6646 9.33526 2.09513
10 13.6062 9.00999 2.79334
11 18.844 11.2658 0.2667
12 0.319325 4.61788 -1.83355
13 13.6653 12.1999 0.861247
14 3.46729 7.82121 -1.55893
15 15.1072 8.50312 -2.35307
16 11.354 0.626266 2.64849
17 8.99508 7.903 2.65471
18 14.5454 6.53082 0.127139
19 10.4167 19.2234 2.39032
20 14.9464 10.7938 0.113705
21 19.3051 12.1407 -0.7722
22 5.92547 3.30534 -3.17593
23 8.46803 7.89763 -0.427828
24 0.281596 3.97685 2.20512
25 15.8035 12.1192 2.81555
26 13.0215 18.2992 1.95974
27 8.98901 1.9082 -1.44899
28 13.3768 13.3184 0.871128
29 5.49444 11.2249 -1.85363
30 19.4342 16.9783 2.12038
31 4.7197 5.12137 -2.77204
32 14.2133 2.21782 0.210763
33 4.03438 17.9153 0.29959
34 11.2655 13.9103 -2.72369
35 12.0883 10.7968 -2.42346
36 18.8571 11.9773 1.55418
37 17.6094 12.4871 -1.52819
38 2.10989 9.13069 -2.21331
39 8.3302 17.6656 -1.85278
40 2.44176 7.12596 2.6263
41 5.44264 12.9538 -2.67055
42 7.05138 6.09563 -1.12536
43 10.6818 9.6966 0.26463
44 5.38825 4.88251 -1.75344
45 4.37528 11.162 -0.228543
46 1.29784 5.07831 -2.07995
47 13.9261 14.2454 -2.12935
48 19.9548 5.33562 1.95717
49 8.22074 0.661015 -1.93147
50 12.687 13.6141 0.340361
51 8.95566 11.0579 1.79648
52 1.61707 7.39309 -1.9072
53 16.0628 9.40601 2.87597
54 7.97649 16.3286 2.36549
55 3.01435 10.164 1.20972
56 17.1672 6.51918 -1.29528
57 14.223 16.19 0.927215
58 1.92353 18.8105 -0.0337417
59 10.355 16.7542 1.23339
60 14.7043 4.18143 0.562008
61 13.9157 4.571 -1.82517
62 19.6434 10.3327 -1.42149
63 19.9251 19.3084 -0.149901
64 17.6527 3.77414 -0.177037
65 14.0072 16.9332 2.13348
66 8.09016 17.7554 2.79483
67 18.7127 15.7068 0.370008
68 11.6137 7.44566 2.78904
69 19.4733 5.67842 -1.3987
70 9.71227 8.96848 -3.05316
71 3.5185 0.361507 -0.481546
72 3.57645 7.32938 1.33393
73 14.4188 6.16122 0.829863
74 10.1763 12.7267 -1.45347
75 11.7974 19.5779 0.128741
76 18.122 8.68789 -0.535691
77 12.9021 13.3785 1.79856
78 4.60371 9.98387 -0.455189
79 15.3711 0.872076 2.73647
80 9.39889 5.59121 2.10675
81 14.9544 19.0614 -0.381413
82 11.0553 11.4458 -2.83101
83 1.50693 6.11394 -1.99398
84 5.3695 9.7056 0.0942925
85 7.89383 16.8843 -2.42518
86 1.40832 4.17837 1.56411
87 7.17294 5.08327 -2.30875
88 6.45102 16.9734 -1.90227
89 14.1782 11.0564 -0.915319
90 8.39562 5.12414 0.176476
91 1.63188 0.103697 -0.0290457
92 3.88548 1.41882 -0.962875
93 1.01537 17.7323 -2.70759
94 11.5773 8.76948 1.38896
95 6.56305 3.10083 2.91302
96 16.7787 17.2081 -0.845443
97 0.776695 6.06531 1.17789
98 6.53302 16.5574 -0.992297
99 19.305 9.1453 1.9297
