100
Particles
0 15.9309 3.6687 1.3512
1 11.937 8.91666 -1.99934
2 9.18498 6.67417 -2.91648
3 13.0178 1.12823 1.22453
4 18.7711 0.0155753 3.15535
5 12.3496 12.2331 -2.91615
6 0.461249 10.4955 -0.748303
7 0.933313 19.4751 -1.07668
8 1.81213 12.3677 -0.961973
9 19.6646 9.33526 2.15345
10 13.6062 9.00999 2.90652
11 18.844 11.2658 0.0975754
12 0.319325 4.61788 -1.86066
13 13.6653 12.1999 0.666673
14 3.46729 7.82121 -1.8402
15 15.1072 8.50312 -2.42943
16 11.354 0.626266 2.56238
17 8.99508 7.903 2.96603
18 14.5454 6.53082 0.0934314
19 10.4167 19.2234 2.28574
20 14.9464 10.7938 0.164269
21 19.3051 12.1407 -1.03058
22 5.92547 3.30534 3.39733
23 8.46803 7.89763 -0.34303
24 0.281596 3.97685 2.36524
25 15.8035 12.1192 2.60851
26 13.0215 18.2992 1.90286
27 8.98901 1.9082 -1.49757
28 13.3768 13.3184 1.07332
29 5.49444 11.2249 -2.16702
30 19.4342 16.9783 1.99525
31 4.7197 5.12137 -2.46967
32 14.2133 2.21782 0.194984
33 4.03438 17.9153 0.22578
34 11.2655 13.9103 -2.96256
35 12.0883 10.7968 -2.12554
36 18.8571 11.9773 1.25261
37 17.6094 12.4871 -1.37917
38 2.10989 9.13069 -2.04454
39 8.3302 17.6656 -2.01384
40 2.44176 7.12596 2.7341
41 5.44264 12.9538 -2.92632
42 7.05138 6.09563 -1.27801
43 10.6818 9.6966 0.445524
44 5.38825 4.88251 -1.5243
45 4.37528 11.162 -0.160379
46 1.29784 5.07831 -2.07566
47 13.9261 14.2454 -2.34342
48 19.9548 5.33562 1.68267
49 8.22074 0.661015 -2.17171
50 12.687 13.6141 0.169054
51 8.95566 11.0579 1.697
52 1.61707 7.39309 -1.98202
53 16.0628 9.40601 2.77941
54 7.97649 16.3286 2.20153
55 3.01435 10.164 1.21583
56 17.1672 6.51918 -1.0909
57 14.223 16.19 0.788799
58 1.92353 18.8105 0.244218
59 10.355 16.7542 1.46797
60 14.7043 4.18143 0.349488
61 13.9157 4.571 -1.6453
62 19.6434 10.3327 -1.37463
63 19.9251 19.3084 -0.10807
64 17.6527 3.77414 -0.245497
65 14.0072 16.9332 2.13421
66 8.09016 17.7554 2.73022
67 18.7127 15.7068 0.394973
68 11.6137 7.44566 2.86944
69 19.4733 5.67842 -1.28918
70 9.71227 8.96848 -3.03276
71 3.5185 0.361507 -0.342422
72 3.57645 7.32938 1.10854
73 14.4188 6.16122 0.648896
74 10.1763 12.7267 -1.25321
75 11.7974 19.5779 0.0172323
76 18.122 8.68789 -0.835466
77 12.9021 13.3785 1.58103
78 4.60371 9.98387 -0.628848
79 15.3711 0.872076 3.02381
80 9.39889 5.59121 2.15265
81 14.9544 19.0614 -0.10952
82 11.0553 11.4458 -2.78378
83 1.50693 6.11394 -2.00695
84 5.3695 9.7056 -0.0227459
85 7.89383 16.8843 -2.35835
86 1.40832 4.17837 1.33741
87 7.17294 5.08327 -2.05852
88 6.45102 16.9734 -1.69535
89 14.1782 11.0564 -1.02997
90 8.39562 5.12414 0.460977
91 1.63188 0.103697 0.175284
92 3.88548 1.41882 -0.858381
93 1.01537 17.7323 -2.94524
94 11.5773 8.76948 1.37529
95 6.56305 3.10083 2.91686
96 16.7787 17.2081 -1.01349
97 0.776695 6.06531 0.913973
98 6.53302 16.5574 -0.818426
99 19.305 9.1453 1.69222
