100
Particles
0 15.9309 3.6687 1.33982
1 11.937 8.91666 -1.74902
2 9.18498 6.67417 -2.37129
3 13.0178 1.12823 1.38067
4 18.7711 0.0155753 -2.6291
5 12.3496 12.2331 3.23143
6 0.461249 10.4955 -1.14255
7 0.933313 19.4751 -1.06746
8 1.81213 12.3677 -1.01575
9 19.6646 9.33526 2.28979
10 13.6062 9.00999 2.67602
11 18.844 11.2658 -0.143649
12 0.319325 4.61788 -2.30401
13 13.6653 12.1999 0.666207
14 3.46729 7.82121 -1.42981
15 15.1072 8.50312 -2.17685
16 11.354 0.626266 2.26405
17 8.99508 7.903 3.22133
18 14.5454 6.53082 -0.00834665
19 10.4167 19.2234 1.71087
20 14.9464 10.7938 0.188214
21 19.3051 12.1407 -1.32834
22 5.92547 3.30534 -3.35896
23 8.46803 7.89763 0.0662845
24 0.281596 3.97685 2.42575
25 15.8035 12.1192 2.94089
26 13.0215 18.2992 1.62082
27 8.98901 1.9082 -1.90102
28 13.3768 13.3184 0.881775
29 5.49444 11.2249 -2.61456
30 19.4342 16.9783 2.08431
31 4.7197 5.12137 -1.98693
32 14.2133 2.21782 0.348975
33 4.03438 17.9153 0.482506
34 11.2655 13.9103 -3.23811
35 12.0883 10.7968 -2.31541
36 18.8571 11.9773 0.916483
37 17.6094 12.4871 -1.30123
38 2.10989 9.13069 -2.31054
39 8.3302 17.6656 -2.29478
40 2.44176 7.12596 2.69462
41 5.44264 12.9538 -2.70485
42 7.05138 6.09563 -1.64729
43 10.6818 9.6966 0.0733055
44 5.38825 4.88251 -1.30634
45 4.37528 11.162 0.132619
46 1.29784 5.07831 -2.02652
47 13.9261 14.2454 -2.53588
48 19.9548 5.33562 1.79709
49 8.22074 0.661015 -1.98924
50 12.687 13.6141 -0.0568747
51 8.95566 11.0579 2.14535
52 1.61707 7.39309 -2.05256
53 16.0628 9.40601 2.61786
54 7.97649 16.3286 2.01347
55 3.01435 10.164 0.753201
56 17.1672 6.51918 -0.871108
57 14.223 16.19 0.797622
58 1.92353 18.8105 0.372334
59 10.355 16.7542 1.26686
60 14.7043 4.18143 -0.0778452
61 13.9157 4.571 -1.97875
62 19.6434 10.3327 -1.44978
63 19.9251 19.3084 -0.0238806
64 17.6527 3.77414 -0.38182
65 14.0072 16.9332 2.37276
66 8.09016 17.7554 2.6791
67 18.7127 15.7068 0.583078
68 11.6137 7.44566 2.83892
69 19.4733 5.67842 -1.06454
70 9.71227 8.96848 -2.7534
71 3.5185 0.361507 -0.792411
72 3.57645 7.32938 0.759532
73 14.4188 6.16122 0.694203
74 10.1763 12.7267 -0.812744
75 11.7974 19.5779 0.364257
76 18.122 8.68789 -1.03128
77 12.9021 13.3785 1.1948
78 4.60371 9.98387 -0.577396
79 15.3711 0.872076 2.6134
80 9.39889 5.59121 2.3778
81 14.9544 19.0614 0.331729
82 11.0553 11.4458 -2.82824
83 1.50693 6.11394 -2.29146
84 5.3695 9.7056 -0.0176145
85 7.89383 16.8843 -2.33402
86 1.40832 4.17837 1.73394
87 7.17294 5.08327 -1.84987
88 6.45102 16.9734 -1.59459
89 14.1782 11.0564 -1.47001
90 8.39562 5.12414 1.00642
91 1.63188 0.103697 0.238639
92 3.88548 1.41882 -1.26128
93 1.01537 17.7323 3.19994
94 11.5773 8.76948 1.72798
95 6.56305 3.10083 3.08903
96 16.7787 17.2081 -0.705601
97 0.776695 6.06531 0.587642
98 6.53302 16.5574 -1.08592
99 19.305 9.1453 1.71279
