100
Particles
0 15.9309 3.6687 1.55851
1 11.937 8.91666 -1.53541
2 9.18498 6.67417 -2.16226
3 13.0178 1.12823 1.07345
4 18.7711 0.0155753 -2.47231
5 12.3496 12.2331 -2.88922
6 0.461249 10.4955 -1.03048
7 0.933313 19.4751 -0.906441
8 1.81213 12.3677 -0.800882
9 19.6646 9.33526 2.27114
10 13.6062 9.00999 2.67731
11 18.844 11.2658 -0.379448
12 0.319325 4.61788 -2.37603
13 13.6653 12.1999 0.756286
14 3.46729 7.82121 -1.25363
15 15.1072 8.50312 -2.35454
16 11.354 0.626266 2.03649
17 8.99508 7.903 -2.95941
18 14.5454 6.53082 -0.321325
19 10.4167 19.2234 1.50878
20 14.9464 10.7938 -0.107679
21 19.3051 12.1407 -1.53765
22 5.92547 3.30534 2.72399
23 8.46803 7.89763 -0.00429222
24 0.281596 3.97685 2.36438
25 15.8035 12.1192 3.17605
26 13.0215 18.2992 1.62717
27 8.98901 1.9082 -1.76065
28 13.3768 13.3184 0.633047
29 5.49444 11.2249 -2.78707
30 19.4342 16.9783 2.21182
31 4.7197 5.12137 -2.26791
32 14.2133 2.21782 0.340554
33 4.03438 17.9153 0.544942
34 11.2655 13.9103 3.10925
35 12.0883 10.7968 -2.61516
36 18.8571 11.9773 0.80471
37 17.6094 12.4871 -1.21547
38 2.10989 9.13069 -2.53108
39 8.3302 17.6656 -2.17199
40 2.44176 7.12596 2.84914
41 5.44264 12.9538 -2.40202
42 7.05138 6.09563 -1.8296
43 10.6818 9.6966 0.277591
44 5.38825 4.88251 -1.29358
45 4.37528 11.162 0.0531128
46 1.29784 5.07831 -2.26379
47 13.9261 14.2454 -2.38791
48 19.9548 5.33562 1.63113
49 8.22074 0.661015 -2.07003
50 12.687 13.6141 -0.331738
51 8.95566 11.0579 2.3347
52 1.61707 7.39309 -1.88506
53 16.0628 9.40601 2.76464
54 7.97649 16.3286 1.88745
55 3.01435 10.164 0.548042
56 17.1672 6.51918 -0.784681
57 14.223 16.19 0.795214
58 1.92353 18.8105 0.170175
59 10.355 16.7542 1.38367
60 14.7043 4.18143 0.230739
61 13.9157 4.571 -1.82342
62 19.6434 10.3327 -1.29899
63 19.9251 19.3084 0.259059
64 17.6527 3.77414 -0.568471
65 14.0072 16.9332 2.41394
66 8.09016 17.7554 2.98047
67 18.7127 15.7068 0.372776
68 11.6137 7.44566 2.96474
69 19.4733 5.67842 -1.01062
70 9.71227 8.96848 -2.69906
71 3.5185 0.361507 -0.668211
72 3.57645 7.32938 1.02947
73 14.4188 6.16122 0.871755
74 10.1763 12.7267 -1.09163
75 11.7974 19.5779 0.585883
76 18.122 8.68789 -1.20372
77 12.9021 13.3785 1.11746
78 4.60371 9.98387 -0.60144
79 15.3711 0.872076 2.6014
80 9.39889 5.59121 2.33707
81 14.9544 19.0614 0.606526
82 11.0553 11.4458 -2.69879
83 1.50693 6.11394 -2.20904
84 5.3695 9.7056 -0.300457
85 7.89383 16.8843 -2.08023
86 1.40832 4.17837 1.99117
87 7.17294 5.08327 -1.67381
88 6.45102 16.9734 -1.90433
89 14.1782 11.0564 -1.74818
90 8.39562 5.12414 0.833768
91 1.63188 0.103697 0.0070095
92 3.88548 1.41882 -1.32485
93 1.01537 17.7323 -2.8177
94 11.5773 8.76948 1.71042
95 6.56305 3.10083 2.78329
96 16.7787 17.2081 -0.842106
97 0.776695 6.06531 0.301502
98 6.53302 16.5574 -1.37728
99 19.305 9.1453 1.57187
