100
Particles
0 15.9309 3.6687 1.41752
1 11.937 8.91666 -1.355
2 9.18498 6.67417 -1.86391
3 13.0178 1.12823 0.992522
4 18.7711 0.0155753 -2.51699
5 12.3496 12.2331 -2.67259
6 0.461249 10.4955 -1.17616
7 0.933313 19.4751 -1.12234
8 1.81213 12.3677 -0.579029
9 19.6646 9.33526 1.9862
10 13.6062 9.00999 2.75252
11 18.844 11.2658 -0.340497
12 0.319325 4.61788 -2.47285
13 13.6653 12.1999 0.640166
14 3.46729 7.82121 -1.08282
15 15.1072 8.50312 -2.61439
16 11.354 0.626266 1.87111
17 8.99508 7.903 -2.81336
18 14.5454 6.53082 -0.290964
19 10.4167 19.2234 1.27504
20 14.9464 10.7938 0.132424
21 19.3051 12.1407 -1.6046
22 5.92547 3.30534 2.92999
23 8.46803 7.89763 0.176483
24 0.281596 3.97685 2.44256
25 15.8035 12.1192 -3.11061
26 13.0215 18.2992 1.92848
27 8.98901 1.9082 -1.98373
28 13.3768 13.3184 0.774516
29 5.49444 11.2249 -2.98111
30 19.4342 16.9783 2.1102
31 4.7197 5.12137 -2.38811
32 14.2133 2.21782 0.621435
33 4.03438 17.9153 0.83859
34 11.2655 13.9103 2.91008
35 12.0883 10.7968 -2.91547
36 18.8571 11.9773 0.942946
37 17.6094 12.4871 -1.267
38 2.10989 9.13069 -2.78942
39 8.3302 17.6656 -2.05654
40 2.44176 7.12596 2.87748
41 5.44264 12.9538 -2.1001
42 7.05138 6.09563 -2.00088
43 10.6818 9.6966 0.217259
44 5.38825 4.88251 -1.26685
45 4.37528 11.162 0.236393
46 1.29784 5.07831 -2.23311
47 13.9261 14.2454 -2.31697
48 19.9548 5.33562 1.45906
49 8.22074 0.661015 -1.85206
50 12.687 13.6141 -0.37658
51 8.95566 11.0579 2.10911
52 1.61707 7.39309 -1.7819
53 16.0628 9.40601 2.58626
54 7.97649 16.3286 1.63459
55 3.01435 10.164 0.775485
56 17.1672 6.51918 -0.809712
57 14.223 16.19 0.951843
58 1.92353 18.8105 0.0385968
59 10.355 16.7542 1.56398
60 14.7043 4.18143 -0.0130892
61 13.9157 4.571 -1.91391
62 19.6434 10.3327 -0.998619
63 19.9251 19.3084 0.443778
64 17.6527 3.77414 -0.570195
65 14.0072 16.9332 2.31327
66 8.09016 17.7554 3.21429
67 18.7127 15.7068 0.400955
68 11.6137 7.44566 3.12712
69 19.4733 5.67842 -0.850964
70 9.71227 8.96848 -3.00194
71 3.5185 0.361507 -0.903042
72 3.57645 7.32938 1.12977
73 14.4188 6.16122 0.659144
74 10.1763 12.7267 -1.24526
75 11.7974 19.5779 0.866514
76 18.122 8.68789 -1.16591
77 12.9021 13.3785 1.275
78 4.60371 9.98387 -0.565009
79 15.3711 0.872076 2.6344
80 9.39889 5.59121 2.08207
81 14.9544 19.0614 0.508297
82 11.0553 11.4458 -2.83549
83 1.50693 6.11394 -2.2777
84 5.3695 9.7056 -0.113002
85 7.89383 16.8843 -2.1607
86 1.40832 4.17837 1.96082
87 7.17294 5.08327 -1.73828
88 6.45102 16.9734 -2.1598
89 14.1782 11.0564 -1.78521
90 8.39562 5.12414 0.642514
91 1.63188 0.103697 -0.189828
92 3.88548 1.41882 -1.57992
93 1.01537 17.7323 -2.90776
94 11.5773 8.76948 1.8722
95 6.56305 3.10083 2.64282
96 16.7787 17.2081 -0.96001
97 0.776695 6.06531 0.391147
98 6.53302 16.5574 -1.56839
99 19.305 9.1453 1.82129
