100
Particles
0 15.9309 3.6687 1.4302
1 11.937 8.91666 -1.38793
2 9.18498 6.67417 -1.82758
3 13.0178 1.12823 0.782686
4 18.7711 0.0155753 -2.44569
5 12.3496 12.2331 -2.7586
6 0.461249 10.4955 -0.926599
7 0.933313 19.4751 -1.33041
8 1.81213 12.3677 -0.574599
9 19.6646 9.33526 2.04785
10 13.6062 9.00999 2.45934
11 18.844 11.2658 -0.426141
12 0.319325 4.61788 -2.32668
13 13.6653 12.1999 0.841466
14 3.46729 7.82121 -1.20021
15 15.1072 8.50312 -2.42678
16 11.354 0.626266 2.16501
17 8.99508 7.903 -2.58913
18 14.5454 6.53082 -0.531205
19 10.4167 19.2234 1.42567
20 14.9464 10.7938 0.0191172
21 19.3051 12.1407 -1.29771
22 5.92547 3.30534 2.92079
23 8.46803 7.89763 -0.0607486
24 0.281596 3.97685 2.58404
25 15.8035 12.1192 -3.22181
26 13.0215 18.2992 2.2408
27 8.98901 1.9082 -1.68227
28 13.3768 13.3184 0.872618
29 5.49444 11.2249 -3.21369
30 19.4342 16.9783 2.22761
31 4.7197 5.12137 -2.64381
32 14.2133 2.21782 0.325726
33 4.03438 17.9153 1.04151
34 11.2655 13.9103 2.72772
35 12.0883 10.7968 -2.99148
36 18.8571 11.9773 1.24043
37 17.6094 12.4871 -1.36952
38 2.10989 9.13069 -2.91729
39 8.3302 17.6656 -1.79377
40 2.44176 7.12596 2.6329
41 5.44264 12.9538 -1.937
42 7.05138 6.09563 -1.69422
43 10.6818 9.6966 0.4694
44 5.38825 4.88251 -1.17156
45 4.37528 11.162 0.119564
46 1.29784 5.07831 -2.38747
47 13.9261 14.2454 -2.11638
48 19.9548 5.33562 1.69771
49 8.22074 0.661015 -1.83608
50 12.687 13.6141 -0.537216
51 8.95566 11.0579 1.86592
52 1.61707 7.39309 -2.04128
53 16.0628 9.40601 2.72391
54 7.97649 16.3286 1.5844
55 3.01435 10.164 1.03018
56 17.1672 6.51918 -0.659122
57 14.223 16.19 0.757856
58 1.92353 18.8105 0.110085
59 10.355 16.7542 1.52346
60 14.7043 4.18143 0.0354482
61 13.9157 4.571 -1.76433
62 19.6434 10.3327 -0.806231
63 19.9251 19.3084 0.659755
64 17.6527 3.77414 -0.724777
65 14.0072 16.9332 2.01866
66 8.09016 17.7554 -2.91854
67 18.7127 15.7068 0.153614
68 11.6137 7.44566 3.01083
69 19.4733 5.67842 -1.16273
70 9.71227 8.96848 -2.8878
71 3.5185 0.361507 -1.11219
72 3.57645 7.32938 1.22733
73 14.4188 6.16122 0.968115
74 10.1763 12.7267 -1.51376
75 11.7974 19.5779 0.600784
76 18.122 8.68789 -1.2662
77 12.9021 13.3785 1.50521
78 4.60371 9.98387 -0.743747
79 15.3711 0.872076 2.54667
80 9.39889 5.59121 1.81096
81 14.9544 19.0614 0.673642
82 11.0553 11.4458 -2.89311
83 1.50693 6.11394 -2.11481
84 5.3695 9.7056 0.140592
85 7.89383 16.8843 -2.32861
86 1.40832 4.17837 2.15396
87 7.17294 5.08327 -2.01531
88 6.45102 16.9734 -1.9092
89 14.1782 11.0564 -1.69048
90 8.39562 5.12414 0.877647
91 1.63188 0.103697 -0.503869
92 3.88548 1.41882 -1.78784
93 1.01537 17.7323 -2.97702
94 11.5773 8.76948 1.79649
95 6.56305 3.10083 2.47112
96 16.7787 17.2081 -1.0344
97 0.776695 6.06531 0.157946
98 6.53302 16.5574 -1.6232
99 19.305 9.1453 2.01126
