100
Particles
0 15.9309 3.6687 1.41705
1 11.937 8.91666 -1.69078
2 9.18498 6.67417 -1.87694
3 13.0178 1.12823 0.485601
4 18.7711 0.0155753 -2.15274
5 12.3496 12.2331 -2.99268
6 0.461249 10.4955 -0.796104
7 0.933313 19.4751 -1.03335
8 1.81213 12.3677 -0.369742
9 19.6646 9.33526 2.17308
10 13.6062 9.00999 2.67263
11 18.844 11.2658 -0.123418
12 0.319325 4.61788 -2.25043
13 13.6653 12.1999 0.878652
14 3.46729 7.82121 -1.11964
15 15.1072 8.50312 -2.40625
16 11.354 0.626266 2.24988
17 8.99508 7.903 -2.62065
18 14.5454 6.53082 -0.708113
19 10.4167 19.2234 1.18706
20 14.9464 10.7938 -0.252102
21 19.3051 12.1407 -1.44643
22 5.92547 3.30534 2.63562
23 8.46803 7.89763 -0.0185439
24 0.281596 3.97685 2.44822
25 15.8035 12.1192 3.26528
26 13.0215 18.2992 1.97329
27 8.98901 1.9082 -1.85421
28 13.3768 13.3184 1.01729
29 5.49444 11.2249 3.13158
30 19.4342 16.9783 1.95397
31 4.7197 5.12137 -2.40679
32 14.2133 2.21782 0.562767
33 4.03438 17.9153 0.934953
34 11.2655 13.9103 2.62744
35 12.0883 10.7968 -2.68422
36 18.8571 11.9773 1.31971
37 17.6094 12.4871 -1.34984
38 2.10989 9.13069 -2.70482
39 8.3302 17.6656 -1.92868
40 2.44176 7.12596 2.58841
41 5.44264 12.9538 -2.08291
42 7.05138 6.09563 -1.51253
43 10.6818 9.6966 0.515487
44 5.38825 4.88251 -1.07176
45 4.37528 11.162 -0.0360657
46 1.29784 5.07831 -2.56326
47 13.9261 14.2454 -2.12368
48 19.9548 5.33562 1.84698
49 8.22074 0.661015 -1.82022
50 12.687 13.6141 -0.830864
51 8.95566 11.0579 2.09748
52 1.61707 7.39309 -2.3148
53 16.0628 9.40601 3.01031
54 7.97649 16.3286 1.28604
55 3.01435 10.164 1.15236
56 17.1672 6.51918 -0.921629
57 14.223 16.19 1.01589
58 1.92353 18.8105 0.087738
59 10.355 16.7542 1.29571
60 14.7043 4.18143 -0.0645702
61 13.9157 4.571 -1.97493
62 19.6434 10.3327 -1.01321
63 19.9251 19.3084 0.94131
64 17.6527 3.77414 -0.75918
65 14.0072 16.9332 2.20012
66 8.09016 17.7554 -2.83083
67 18.7127 15.7068 0.264465
68 11.6137 7.44566 2.77941
69 19.4733 5.67842 -1.32974
70 9.71227 8.96848 -2.70763
71 3.5185 0.361507 -0.816398
72 3.57645 7.32938 1.07822
73 14.4188 6.16122 0.824587
74 10.1763 12.7267 -1.53079
75 11.7974 19.5779 0.90479
76 18.122 8.68789 -1.41137
77 12.9021 13.3785 1.44676
78 4.60371 9.98387 -0.497773
79 15.3711 0.872076 2.23435
80 9.39889 5.59121 1.52178
81 14.9544 19.0614 0.739033
82 11.0553 11.4458 -2.63714
83 1.50693 6.11394 -2.27889
84 5.3695 9.7056 0.121518
85 7.89383 16.8843 -2.35974
86 1.40832 4.17837 2.13698
87 7.17294 5.08327 -1.93833
88 6.45102 16.9734 -1.92821
89 14.1782 11.0564 -1.72348
90 8.39562 5.12414 0.861492
91 1.63188 0.103697 -0.446775
92 3.88548 1.41882 -1.76459
93 1.01537 17.7323 -2.75451
94 11.5773 8.76948 1.51343
95 6.56305 3.10083 2.68055
96 16.7787 17.2081 -0.818301
97 0.776695 6.06531 0.0228
98 6.53302 16.5574 -1.64654
99 19.305 9.1453 1.97264
