100
Particles
0 15.9309 3.6687 1.58484
1 11.937 8.91666 -2.44603
2 9.18498 6.67417 -2.47594
3 13.0178 1.12823 0.893045
4 18.7711 0.0155753 2.90586
5 12.3496 12.2331 2.77399
6 0.461249 10.4955 -0.352643
7 0.933313 19.4751 -1.57688
8 1.81213 12.3677 -0.820453
9 19.6646 9.33526 2.9653
10 13.6062 9.00999 -3.36588
11 18.844 11.2658 -0.692607
12 0.319325 4.61788 -1.8625
13 13.6653 12.1999 1.57606
14 3.46729 7.82121 -2.19043
15 15.1072 8.50312 -1.87386
16 11.354 0.626266 2.43293
17 8.99508 7.903 2.76897
18 14.5454 6.53082 0.482021
19 10.4167 19.2234 2.24315
20 14.9464 10.7938 0.0357084
21 19.3051 12.1407 -0.656782
22 5.92547 3.30534 -2.61508
23 8.46803 7.89763 -1.24971
24 0.281596 3.97685 0.856539
25 15.8035 12.1192 2.55699
26 13.0215 18.2992 2.06718
27 8.98901 1.9082 -1.23333
28 13.3768 13.3184 1.03005
29 5.49444 11.2249 -0.810348
30 19.4342 16.9783 1.52325
31 4.7197 5.12137 -2.49678
32 14.2133 2.21782 -0.371465
33 4.03438 17.9153 -0.314114
34 11.2655 13.9103 -2.39742
35 12.0883 10.7968 -1.70612
36 18.8571 11.9773 1.10343
37 17.6094 12.4871 -1.99482
38 2.10989 9.13069 -1.75141
39 8.3302 17.6656 -1.21999
40 2.44176 7.12596 2.32674
41 5.44264 12.9538 -2.69471
42 7.05138 6.09563 -1.61246
43 10.6818 9.6966 0.475009
44 5.38825 4.88251 -1.69117
45 4.37528 11.162 -0.603741
46 1.29784 5.07831 -1.83592
47 13.9261 14.2454 -2.39982
48 19.9548 5.33562 -2.8195
49 8.22074 0.661015 -1.17023
50 12.687 13.6141 0.546759
51 8.95566 11.0579 0.834174
52 1.61707 7.39309 -1.91253
53 16.0628 9.40601 -2.82467
54 7.97649 16.3286 2.05544
55 3.01435 10.164 1.38895
56 17.1672 6.51918 -1.67709
57 14.223 16.19 -0.431497
58 1.92353 18.8105 -0.276809
59 10.355 16.7542 1.54447
60 14.7043 4.18143 0.433755
61 13.9157 4.571 -1.65935
62 19.6434 10.3327 -1.16434
63 19.9251 19.3084 0.450621
64 17.6527 3.77414 -1.11621
65 14.0072 16.9332 2.1064
66 8.09016 17.7554 1.7815
67 18.7127 15.7068 1.02201
68 11.6137 7.44566 2.80574
69 19.4733 5.67842 -1.03063
70 9.71227 8.96848 3.11019
71 3.5185 0.361507 -0.202421
72 3.57645 7.32938 1.15941
73 14.4188 6.16122 0.756125
74 10.1763 12.7267 -1.19029
75 11.7974 19.5779 -0.149934
76 18.122 8.68789 -0.704401
77 12.9021 13.3785 2.03998
78 4.60371 9.98387 -0.032339
79 15.3711 0.872076 2.76527
80 9.39889 5.59121 2.26105
81 14.9544 19.0614 -0.573406
82 11.0553 11.4458 2.66945
83 1.50693 6.11394 -2.01633
84 5.3695 9.7056 -0.456716
85 7.89383 16.8843 3.01634
86 1.40832 4.17837 1.2904
87 7.17294 5.08327 -1.46772
88 6.45102 16.9734 -2.36439
89 14.1782 11.0564 -1.2559
90 8.39562 5.12414 0.162454
91 1.63188 0.103697 0.562434
92 3.88548 1.41882 -0.561156
93 1.01537 17.7323 -2.57242
94 11.5773 8.76948 0.959291
95 6.56305 3.10083 3.01345
96 16.7787 17.2081 -1.47992
97 0.776695 6.06531 0.0593962
98 6.53302 16.5574 -1.4271
99 19.305 9.1453 1.68098
