100
Particles
0 15.9309 3.6687 1.24019
1 11.937 8.91666 -1.75562
2 9.18498 6.67417 -2.16321
3 13.0178 1.12823 0.346002
4 18.7711 0.0155753 -1.95377
5 12.3496 12.2331 -3.12804
6 0.461249 10.4955 -0.596169
7 0.933313 19.4751 -1.0135
8 1.81213 12.3677 -0.131068
9 19.6646 9.33526 2.22007
10 13.6062 9.00999 2.37711
11 18.844 11.2658 -0.0131983
12 0.319325 4.61788 -2.53641
13 13.6653 12.1999 0.847612
14 3.46729 7.82121 -0.849821
15 15.1072 8.50312 -2.61661
16 11.354 0.626266 2.18069
17 8.99508 7.903 -2.47622
18 14.5454 6.53082 -0.467933
19 10.4167 19.2234 1.29447
20 14.9464 10.7938 -0.404046
21 19.3051 12.1407 -1.33672
22 5.92547 3.30534 2.5079
23 8.46803 7.89763 0.118699
24 0.281596 3.97685 2.7335
25 15.8035 12.1192 -2.8788
26 13.0215 18.2992 2.2013
27 8.98901 1.9082 -2.16705
28 13.3768 13.3184 1.15399
29 5.49444 11.2249 3.33866
30 19.4342 16.9783 1.66529
31 4.7197 5.12137 -2.1733
32 14.2133 2.21782 0.409893
33 4.03438 17.9153 1.03881
34 11.2655 13.9103 2.81616
35 12.0883 10.7968 -2.58201
36 18.8571 11.9773 1.06353
37 17.6094 12.4871 -1.28932
38 2.10989 9.13069 -2.67367
39 8.3302 17.6656 -1.67715
40 2.44176 7.12596 2.52824
41 5.44264 12.9538 -2.19533
42 7.05138 6.09563 -1.35555
43 10.6818 9.6966 0.460619
44 5.38825 4.88251 -0.979969
45 4.37528 11.162 0.0559517
46 1.29784 5.07831 -2.31945
47 13.9261 14.2454 -2.06167
48 19.9548 5.33562 1.84833
49 8.22074 0.661015 -2.04712
50 12.687 13.6141 -1.0723
51 8.95566 11.0579 1.88029
52 1.61707 7.39309 -2.52098
53 16.0628 9.40601 3.09694
54 7.97649 16.3286 1.43745
55 3.01435 10.164 1.1712
56 17.1672 6.51918 -0.714901
57 14.223 16.19 1.32456
58 1.92353 18.8105 0.288808
59 10.355 16.7542 1.41816
60 14.7043 4.18143 -0.0441544
61 13.9157 4.571 -2.00706
62 19.6434 10.3327 -1.27434
63 19.9251 19.3084 0.878081
64 17.6527 3.77414 -0.501485
65 14.0072 16.9332 2.39366
66 8.09016 17.7554 -3.00924
67 18.7127 15.7068 0.243485
68 11.6137 7.44566 2.97842
69 19.4733 5.67842 -1.60156
70 9.71227 8.96848 -2.77838
71 3.5185 0.361507 -0.59533
72 3.57645 7.32938 1.01784
73 14.4188 6.16122 0.559195
74 10.1763 12.7267 -1.50406
75 11.7974 19.5779 1.13208
76 18.122 8.68789 -1.35464
77 12.9021 13.3785 1.27477
78 4.60371 9.98387 -0.570507
79 15.3711 0.872076 2.20301
80 9.39889 5.59121 1.57159
81 14.9544 19.0614 0.901988
82 11.0553 11.4458 -2.88918
83 1.50693 6.11394 -2.03406
84 5.3695 9.7056 -0.184907
85 7.89383 16.8843 -2.44138
86 1.40832 4.17837 1.84005
87 7.17294 5.08327 -2.00558
88 6.45102 16.9734 -1.91199
89 14.1782 11.0564 -1.71614
90 8.39562 5.12414 0.6514
91 1.63188 0.103697 -0.355204
92 3.88548 1.41882 -2.05062
93 1.01537 17.7323 -2.58995
94 11.5773 8.76948 1.79407
95 6.56305 3.10083 2.57987
96 16.7787 17.2081 -0.807469
97 0.776695 6.06531 -0.053283
98 6.53302 16.5574 -1.95649
99 19.305 9.1453 1.90094
