100
Particles
0 15.9309 3.6687 1.42348
1 11.937 8.91666 -1.69531
2 9.18498 6.67417 -2.41374
3 13.0178 1.12823 0.564117
4 18.7711 0.0155753 -1.93424
5 12.3496 12.2331 -2.91333
6 0.461249 10.4955 -0.545764
7 0.933313 19.4751 -0.975996
8 1.81213 12.3677 -0.379091
9 19.6646 9.33526 2.01106
10 13.6062 9.00999 2.67369
11 18.844 11.2658 -0.183795
12 0.319325 4.61788 -2.23642
13 13.6653 12.1999 0.867663
14 3.46729 7.82121 -1.07866
15 15.1072 8.50312 -2.86837
16 11.354 0.626266 1.99776
17 8.99508 7.903 -2.20878
18 14.5454 6.53082 -0.521874
19 10.4167 19.2234 1.22877
20 14.9464 10.7938 -0.521412
21 19.3051 12.1407 -1.55848
22 5.92547 3.30534 2.50026
23 8.46803 7.89763 -0.113749
24 0.281596 3.97685 2.94429
25 15.8035 12.1192 -2.96023
26 13.0215 18.2992 2.12263
27 8.98901 1.9082 -2.18338
28 13.3768 13.3184 1.11889
29 5.49444 11.2249 -2.63359
30 19.4342 16.9783 1.69381
31 4.7197 5.12137 -2.43204
32 14.2133 2.21782 0.477046
33 4.03438 17.9153 0.819893
34 11.2655 13.9103 2.52144
35 12.0883 10.7968 -2.28624
36 18.8571 11.9773 1.2354
37 17.6094 12.4871 -0.987657
38 2.10989 9.13069 -2.68757
39 8.3302 17.6656 -1.65688
40 2.44176 7.12596 2.31985
41 5.44264 12.9538 -2.35435
42 7.05138 6.09563 -1.14283
43 10.6818 9.6966 0.370258
44 5.38825 4.88251 -0.774625
45 4.37528 11.162 0.187279
46 1.29784 5.07831 -2.52228
47 13.9261 14.2454 -2.05699
48 19.9548 5.33562 1.95978
49 8.22074 0.661015 -2.2136
50 12.687 13.6141 -0.864525
51 8.95566 11.0579 1.90845
52 1.61707 7.39309 -2.73132
53 16.0628 9.40601 3.14908
54 7.97649 16.3286 1.75143
55 3.01435 10.164 0.951618
56 17.1672 6.51918 -0.515877
57 14.223 16.19 1.14066
58 1.92353 18.8105 0.466238
59 10.355 16.7542 1.56554
60 14.7043 4.18143 -0.169511
61 13.9157 4.571 -2.1165
62 19.6434 10.3327 -1.09055
63 19.9251 19.3084 0.853857
64 17.6527 3.77414 -0.356458
65 14.0072 16.9332 2.17248
66 8.09016 17.7554 -2.78772
67 18.7127 15.7068 0.375987
68 11.6137 7.44566 3.23411
69 19.4733 5.67842 -1.83255
70 9.71227 8.96848 -2.71994
71 3.5185 0.361507 -0.533051
72 3.57645 7.32938 0.925762
73 14.4188 6.16122 0.533099
74 10.1763 12.7267 -1.79436
75 11.7974 19.5779 1.28656
76 18.122 8.68789 -1.32365
77 12.9021 13.3785 0.996894
78 4.60371 9.98387 -0.456935
79 15.3711 0.872076 2.18214
80 9.39889 5.59121 1.27908
81 14.9544 19.0614 1.19705
82 11.0553 11.4458 -2.60699
83 1.50693 6.11394 -2.02596
84 5.3695 9.7056 -0.44021
85 7.89383 16.8843 -2.2814
86 1.40832 4.17837 1.83498
87 7.17294 5.08327 -2.1297
88 6.45102 16.9734 -1.91738
89 14.1782 11.0564 -1.70204
90 8.39562 5.12414 0.690803
91 1.63188 0.103697 -0.392134
92 3.88548 1.41882 -1.98417
93 1.01537 17.7323 -2.32685
94 11.5773 8.76948 1.70753
95 6.56305 3.10083 2.7217
96 16.7787 17.2081 -0.559628
97 0.776695 6.06531 -0.080942
98 6.53302 16.5574 -1.99202
99 19.305 9.1453 1.9651
