100
Particles
0 15.9309 3.6687 1.48091
1 11.937 8.91666 -1.50267
2 9.18498 6.67417 -2.42852
3 13.0178 1.12823 0.87584
4 18.7711 0.0155753 -2.21103
5 12.3496 12.2331 -3.2255
6 0.461249 10.4955 -0.457675
7 0.933313 19.4751 -1.10264
8 1.81213 12.3677 -0.542213
9 19.6646 9.33526 1.89287
10 13.6062 9.00999 2.52041
11 18.844 11.2658 -0.478608
12 0.319325 4.61788 -1.94015
13 13.6653 12.1999 0.692202
14 3.46729 7.82121 -0.931617
15 15.1072 8.50312 -2.70338
16 11.354 0.626266 2.26747
17 8.99508 7.903 -2.50375
18 14.5454 6.53082 -0.288109
19 10.4167 19.2234 1.24588
20 14.9464 10.7938 -0.438133
21 19.3051 12.1407 -1.4677
22 5.92547 3.30534 2.7012
23 8.46803 7.89763 -0.218422
24 0.281596 3.97685 3.09072
25 15.8035 12.1192 -2.94227
26 13.0215 18.2992 2.30698
27 8.98901 1.9082 -1.87516
28 13.3768 13.3184 0.930799
29 5.49444 11.2249 -2.3228
30 19.4342 16.9783 1.43608
31 4.7197 5.12137 -2.74475
32 14.2133 2.21782 0.190635
33 4.03438 17.9153 0.720482
34 11.2655 13.9103 2.60495
35 12.0883 10.7968 -2.55702
36 18.8571 11.9773 0.924802
37 17.6094 12.4871 -0.713025
38 2.10989 9.13069 -2.48529
39 8.3302 17.6656 -1.46261
40 2.44176 7.12596 2.56139
41 5.44264 12.9538 -2.22867
42 7.05138 6.09563 -1.39139
43 10.6818 9.6966 0.306861
44 5.38825 4.88251 -0.634416
45 4.37528 11.162 0.0492589
46 1.29784 5.07831 -2.40453
47 13.9261 14.2454 -2.35576
48 19.9548 5.33562 1.83798
49 8.22074 0.661015 -2.18273
50 12.687 13.6141 -0.781531
51 8.95566 11.0579 1.95686
52 1.61707 7.39309 -2.60706
53 16.0628 9.40601 -3.44444
54 7.97649 16.3286 1.5007
55 3.01435 10.164 1.18343
56 17.1672 6.51918 -0.401681
57 14.223 16.19 0.897456
58 1.92353 18.8105 0.681169
59 10.355 16.7542 1.40358
60 14.7043 4.18143 -0.18317
61 13.9157 4.571 -2.33943
62 19.6434 10.3327 -0.958531
63 19.9251 19.3084 0.958694
64 17.6527 3.77414 -0.537971
65 14.0072 16.9332 2.40081
66 8.09016 17.7554 -2.84973
67 18.7127 15.7068 0.245621
68 11.6137 7.44566 -3.26753
69 19.4733 5.67842 -1.97947
70 9.71227 8.96848 -3.02026
71 3.5185 0.361507 -0.480738
72 3.57645 7.32938 1.14079
73 14.4188 6.16122 0.563874
74 10.1763 12.7267 -1.97074
75 11.7974 19.5779 0.993553
76 18.122 8.68789 -1.50296
77 12.9021 13.3785 0.944192
78 4.60371 9.98387 -0.293816
79 15.3711 0.872076 1.986
80 9.39889 5.59121 1.41718
81 14.9544 19.0614 1.4276
82 11.0553 11.4458 -2.63593
83 1.50693 6.11394 -1.824
84 5.3695 9.7056 -0.405868
85 7.89383 16.8843 -2.19526
86 1.40832 4.17837 1.85149
87 7.17294 5.08327 -2.15284
88 6.45102 16.9734 -2.0841
89 14.1782 11.0564 -1.8257
90 8.39562 5.12414 0.558838
91 1.63188 0.103697 -0.352368
92 3.88548 1.41882 -2.22296
93 1.01537 17.7323 -2.06497
94 11.5773 8.76948 1.84617
95 6.56305 3.10083 2.65977
96 16.7787 17.2081 -0.77412
97 0.776695 6.06531 0.159071
98 6.53302 16.5574 -1.78858
99 19.305 9.1453 2.10441
