100
Particles
0 15.9309 3.6687 1.33737
1 11.937 8.91666 -1.56397
2 9.18498 6.67417 -2.67812
3 13.0178 1.12823 0.680458
4 18.7711 0.0155753 -2.0332
5 12.3496 12.2331 3.1928
6 0.461249 10.4955 -0.398936
7 0.933313 19.4751 -0.854
8 1.81213 12.3677 -0.489895
9 19.6646 9.33526 1.87212
10 13.6062 9.00999 2.42011
11 18.844 11.2658 -0.201866
12 0.319325 4.61788 -2.20233
13 13.6653 12.1999 0.962937
14 3.46729 7.82121 -0.726336
15 15.1072 8.50312 -2.9359
16 11.354 0.626266 2.3083
17 8.99508 7.903 -2.27344
18 14.5454 6.53082 -0.24299
19 10.4167 19.2234 1.50173
20 14.9464 10.7938 -0.159798
21 19.3051 12.1407 -1.51647
22 5.92547 3.30534 2.62411
23 8.46803 7.89763 0.0557268
24 0.281596 3.97685 3.20076
25 15.8035 12.1192 -3.18353
26 13.0215 18.2992 2.01939
27 8.98901 1.9082 -1.83455
28 13.3768 13.3184 1.20108
29 5.49444 11.2249 -2.1065
30 19.4342 16.9783 1.54657
31 4.7197 5.12137 -2.9715
32 14.2133 2.21782 0.0362138
33 4.03438 17.9153 0.956423
34 11.2655 13.9103 2.40565
35 12.0883 10.7968 -2.69623
36 18.8571 11.9773 0.692073
37 17.6094 12.4871 -0.602373
38 2.10989 9.13069 -2.20633
39 8.3302 17.6656 -1.60778
40 2.44176 7.12596 2.54594
41 5.44264 12.9538 -2.14426
42 7.05138 6.09563 -1.07757
43 10.6818 9.6966 0.0585545
44 5.38825 4.88251 -0.635314
45 4.37528 11.162 -0.0229222
46 1.29784 5.07831 -2.17468
47 13.9261 14.2454 -2.37086
48 19.9548 5.33562 1.59355
49 8.22074 0.661015 -2.09827
50 12.687 13.6141 -0.611394
51 8.95566 11.0579 1.64451
52 1.61707 7.39309 -2.38152
53 16.0628 9.40601 2.64147
54 7.97649 16.3286 1.53341
55 3.01435 10.164 1.13053
56 17.1672 6.51918 -0.263668
57 14.223 16.19 0.816505
58 1.92353 18.8105 0.913498
59 10.355 16.7542 1.54841
60 14.7043 4.18143 -0.0903594
61 13.9157 4.571 -2.1533
62 19.6434 10.3327 -0.798924
63 19.9251 19.3084 0.667116
64 17.6527 3.77414 -0.604111
65 14.0072 16.9332 2.6715
66 8.09016 17.7554 -3.08489
67 18.7127 15.7068 0.394593
68 11.6137 7.44566 3.31385
69 19.4733 5.67842 -2.26083
70 9.71227 8.96848 -2.90578
71 3.5185 0.361507 -0.500748
72 3.57645 7.32938 1.19054
73 14.4188 6.16122 0.303336
74 10.1763 12.7267 -2.25788
75 11.7974 19.5779 1.0984
76 18.122 8.68789 -1.29981
77 12.9021 13.3785 1.12139
78 4.60371 9.98387 -0.266292
79 15.3711 0.872076 1.73459
80 9.39889 5.59121 1.53533
81 14.9544 19.0614 1.26543
82 11.0553 11.4458 -2.37764
83 1.50693 6.11394 -1.61146
84 5.3695 9.7056 -0.274309
85 7.89383 16.8843 -1.91325
86 1.40832 4.17837 1.55708
87 7.17294 5.08327 -2.00443
88 6.45102 16.9734 -2.19076
89 14.1782 11.0564 -1.57056
90 8.39562 5.12414 0.412235
91 1.63188 0.103697 -0.211087
92 3.88548 1.41882 -1.98568
93 1.01537 17.7323 -2.35296
94 11.5773 8.76948 1.78186
95 6.56305 3.10083 2.82459
96 16.7787 17.2081 -0.802446
97 0.776695 6.06531 0.0128313
98 6.53302 16.5574 -1.96463
99 19.305 9.1453 1.87289
