100
Particles
0 15.9309 3.6687 1.56176
1 11.937 8.91666 -1.51662
2 9.18498 6.67417 -2.94429
3 13.0178 1.12823 0.606681
4 18.7711 0.0155753 -2.11631
5 12.3496 12.2331 -3.29036
6 0.461249 10.4955 -0.439458
7 0.933313 19.4751 -0.959495
8 1.81213 12.3677 -0.589293
9 19.6646 9.33526 2.02231
10 13.6062 9.00999 2.24623
11 18.844 11.2658 -0.112733
12 0.319325 4.61788 -2.15794
13 13.6653 12.1999 1.00572
14 3.46729 7.82121 -0.623915
15 15.1072 8.50312 -2.9055
16 11.354 0.626266 2.5466
17 8.99508 7.903 -2.16312
18 14.5454 6.53082 -0.213482
19 10.4167 19.2234 1.70892
20 14.9464 10.7938 -0.0931037
21 19.3051 12.1407 -1.6477
22 5.92547 3.30534 2.44007
23 8.46803 7.89763 -0.162722
24 0.281596 3.97685 -2.83144
25 15.8035 12.1192 3.23169
26 13.0215 18.2992 2.2942
27 8.98901 1.9082 -1.76965
28 13.3768 13.3184 1.18437
29 5.49444 11.2249 -2.38314
30 19.4342 16.9783 1.65441
31 4.7197 5.12137 -2.91984
32 14.2133 2.21782 0.344221
33 4.03438 17.9153 0.792531
34 11.2655 13.9103 2.42496
35 12.0883 10.7968 -2.60138
36 18.8571 11.9773 0.782922
37 17.6094 12.4871 -0.563861
38 2.10989 9.13069 -2.03233
39 8.3302 17.6656 -1.79314
40 2.44176 7.12596 2.68771
41 5.44264 12.9538 -2.06903
42 7.05138 6.09563 -0.828704
43 10.6818 9.6966 0.276703
44 5.38825 4.88251 -0.75146
45 4.37528 11.162 -0.163516
46 1.29784 5.07831 -1.87205
47 13.9261 14.2454 -2.35373
48 19.9548 5.33562 1.84891
49 8.22074 0.661015 -2.30946
50 12.687 13.6141 -0.521658
51 8.95566 11.0579 1.8392
52 1.61707 7.39309 -2.10042
53 16.0628 9.40601 2.53927
54 7.97649 16.3286 1.67477
55 3.01435 10.164 1.15491
56 17.1672 6.51918 -0.539733
57 14.223 16.19 0.935885
58 1.92353 18.8105 1.03294
59 10.355 16.7542 1.81897
60 14.7043 4.18143 -0.0920481
61 13.9157 4.571 -2.32278
62 19.6434 10.3327 -1.08508
63 19.9251 19.3084 0.614113
64 17.6527 3.77414 -0.728571
65 14.0072 16.9332 2.83554
66 8.09016 17.7554 -3.17646
67 18.7127 15.7068 0.676753
68 11.6137 7.44566 -2.67885
69 19.4733 5.67842 -2.18486
70 9.71227 8.96848 -2.63644
71 3.5185 0.361507 -0.336848
72 3.57645 7.32938 1.21998
73 14.4188 6.16122 0.102468
74 10.1763 12.7267 -2.28389
75 11.7974 19.5779 1.13665
76 18.122 8.68789 -1.07113
77 12.9021 13.3785 1.10966
78 4.60371 9.98387 -0.016426
79 15.3711 0.872076 1.84414
80 9.39889 5.59121 1.30725
81 14.9544 19.0614 1.57643
82 11.0553 11.4458 -2.36053
83 1.50693 6.11394 -1.6794
84 5.3695 9.7056 -0.174335
85 7.89383 16.8843 -2.15898
86 1.40832 4.17837 1.64287
87 7.17294 5.08327 -2.00554
88 6.45102 16.9734 -2.2494
89 14.1782 11.0564 -1.28592
90 8.39562 5.12414 0.426397
91 1.63188 0.103697 -0.387571
92 3.88548 1.41882 -2.01146
93 1.01537 17.7323 -2.08945
94 11.5773 8.76948 1.57835
95 6.56305 3.10083 2.64486
96 16.7787 17.2081 -1.10842
97 0.776695 6.06531 -0.292412
98 6.53302 16.5574 -1.75767
99 19.305 9.1453 2.01873
