100
Particles
0 15.9309 3.6687 1.47068
1 11.937 8.91666 -1.39202
2 9.18498 6.67417 -3.01013
3 13.0178 1.12823 0.891244
4 18.7711 0.0155753 -1.82285
5 12.3496 12.2331 2.92547
6 0.461249 10.4955 -0.216894
7 0.933313 19.4751 -0.787909
8 1.81213 12.3677 -0.708673
9 19.6646 9.33526 1.85394
10 13.6062 9.00999 2.21999
11 18.844 11.2658 0.0640435
12 0.319325 4.61788 -1.86881
13 13.6653 12.1999 1.17133
14 3.46729 7.82121 -0.400732
15 15.1072 8.50312 -2.84075
16 11.354 0.626266 2.75734
17 8.99508 7.903 -1.98441
18 14.5454 6.53082 -0.290774
19 10.4167 19.2234 1.74159
20 14.9464 10.7938 0.0983783
21 19.3051 12.1407 -1.93292
22 5.92547 3.30534 2.63365
23 8.46803 7.89763 -0.365111
24 0.281596 3.97685 -2.82221
25 15.8035 12.1192 -2.8578
26 13.0215 18.2992 2.13952
27 8.98901 1.9082 -1.92937
28 13.3768 13.3184 1.12328
29 5.49444 11.2249 -2.13518
30 19.4342 16.9783 1.34053
31 4.7197 5.12137 -2.66765
32 14.2133 2.21782 0.126702
33 4.03438 17.9153 1.10046
34 11.2655 13.9103 2.71075
35 12.0883 10.7968 -2.60473
36 18.8571 11.9773 0.790914
37 17.6094 12.4871 -0.575454
38 2.10989 9.13069 -1.94723
39 8.3302 17.6656 -2.0503
40 2.44176 7.12596 2.39404
41 5.44264 12.9538 -2.34693
42 7.05138 6.09563 -0.863661
43 10.6818 9.6966 0.135676
44 5.38825 4.88251 -0.67478
45 4.37528 11.162 0.145894
46 1.29784 5.07831 -1.94348
47 13.9261 14.2454 -2.30733
48 19.9548 5.33562 1.79588
49 8.22074 0.661015 -2.09126
50 12.687 13.6141 -0.268926
51 8.95566 11.0579 2.0763
52 1.61707 7.39309 -1.80236
53 16.0628 9.40601 2.2424
54 7.97649 16.3286 1.88829
55 3.01435 10.164 1.31311
56 17.1672 6.51918 -0.710199
57 14.223 16.19 1.2226
58 1.92353 18.8105 0.811883
59 10.355 16.7542 1.93178
60 14.7043 4.18143 -0.264905
61 13.9157 4.571 -2.3659
62 19.6434 10.3327 -0.947381
63 19.9251 19.3084 0.653901
64 17.6527 3.77414 -0.774123
65 14.0072 16.9332 2.72643
66 8.09016 17.7554 3.32014
67 18.7127 15.7068 0.452955
68 11.6137 7.44566 -2.72277
69 19.4733 5.67842 -1.93117
70 9.71227 8.96848 -2.41914
71 3.5185 0.361507 -0.399088
72 3.57645 7.32938 1.3853
73 14.4188 6.16122 0.305516
74 10.1763 12.7267 -2.03955
75 11.7974 19.5779 1.16461
76 18.122 8.68789 -1.25682
77 12.9021 13.3785 0.955915
78 4.60371 9.98387 -0.144795
79 15.3711 0.872076 1.90308
80 9.39889 5.59121 1.01371
81 14.9544 19.0614 1.66191
82 11.0553 11.4458 -2.44576
83 1.50693 6.11394 -1.80806
84 5.3695 9.7056 0.06411
85 7.89383 16.8843 -2.18412
86 1.40832 4.17837 1.38843
87 7.17294 5.08327 -1.80024
88 6.45102 16.9734 -2.53363
89 14.1782 11.0564 -1.14345
90 8.39562 5.12414 0.598498
91 1.63188 0.103697 -0.480183
92 3.88548 1.41882 -1.80739
93 1.01537 17.7323 -2.07961
94 11.5773 8.76948 1.55528
95 6.56305 3.10083 2.35923
96 16.7787 17.2081 -1.24035
97 0.776695 6.06531 -0.0216006
98 6.53302 16.5574 -1.82564
99 19.305 9.1453 2.04808
