100
Particles
0 15.9309 3.6687 1.4908
1 11.937 8.91666 -1.3352
2 9.18498 6.67417 -3.28575
3 13.0178 1.12823 0.804647
4 18.7711 0.0155753 -1.68265
5 12.3496 12.2331 2.73732
6 0.461249 10.4955 -0.403141
7 0.933313 19.4751 -1.09573
8 1.81213 12.3677 -0.747955
9 19.6646 9.33526 2.09442
10 13.6062 9.00999 1.93844
11 18.844 11.2658 -0.130032
12 0.319325 4.61788 -1.98814
13 13.6653 12.1999 1.31693
14 3.46729 7.82121 -0.312368
15 15.1072 8.50312 -2.89356
16 11.354 0.626266 2.92012
17 8.99508 7.903 -1.91553
18 14.5454 6.53082 -0.0419344
19 10.4167 19.2234 1.94141
20 14.9464 10.7938 -0.0569335
21 19.3051 12.1407 -2.07653
22 5.92547 3.30534 2.39825
23 8.46803 7.89763 -0.467549
24 0.281596 3.97685 -2.50834
25 15.8035 12.1192 -2.91702
26 13.0215 18.2992 1.9639
27 8.98901 1.9082 -1.76445
28 13.3768 13.3184 1.14996
29 5.49444 11.2249 -2.35534
30 19.4342 16.9783 1.26557
31 4.7197 5.12137 -2.72139
32 14.2133 2.21782 0.286188
33 4.03438 17.9153 0.799291
34 11.2655 13.9103 2.56562
35 12.0883 10.7968 -2.59367
36 18.8571 11.9773 0.645677
37 17.6094 12.4871 -0.494757
38 2.10989 9.13069 -1.95862
39 8.3302 17.6656 -2.13719
40 2.44176 7.12596 2.67629
41 5.44264 12.9538 -2.26389
42 7.05138 6.09563 -1.09618
43 10.6818 9.6966 0.173433
44 5.38825 4.88251 -0.498391
45 4.37528 11.162 0.276892
46 1.29784 5.07831 -2.14951
47 13.9261 14.2454 -2.0105
48 19.9548 5.33562 1.76372
49 8.22074 0.661015 -2.3055
50 12.687 13.6141 -0.469865
51 8.95566 11.0579 1.82387
52 1.61707 7.39309 -1.61165
53 16.0628 9.40601 2.00491
54 7.97649 16.3286 1.65275
55 3.01435 10.164 1.53331
56 17.1672 6.51918 -0.807837
57 14.223 16.19 0.927829
58 1.92353 18.8105 0.530331
59 10.355 16.7542 1.70695
60 14.7043 4.18143 -0.444985
61 13.9157 4.571 -2.26214
62 19.6434 10.3327 -1.16269
63 19.9251 19.3084 0.414432
64 17.6527 3.77414 -0.607795
65 14.0072 16.9332 2.8339
66 8.09016 17.7554 -3.00368
67 18.7127 15.7068 0.483937
68 11.6137 7.44566 -2.8409
69 19.4733 5.67842 -1.94217
70 9.71227 8.96848 -2.41495
71 3.5185 0.361507 -0.469939
72 3.57645 7.32938 1.64075
73 14.4188 6.16122 0.00144842
74 10.1763 12.7267 -1.86226
75 11.7974 19.5779 0.928604
76 18.122 8.68789 -1.06987
77 12.9021 13.3785 1.02874
78 4.60371 9.98387 0.0708931
79 15.3711 0.872076 1.65019
80 9.39889 5.59121 1.05077
81 14.9544 19.0614 1.66259
82 11.0553 11.4458 -2.31621
83 1.50693 6.11394 -1.78651
84 5.3695 9.7056 0.0897043
85 7.89383 16.8843 -2.22835
86 1.40832 4.17837 1.26832
87 7.17294 5.08327 -1.81139
88 6.45102 16.9734 -2.77334
89 14.1782 11.0564 -0.85347
90 8.39562 5.12414 0.733216
91 1.63188 0.103697 -0.19589
92 3.88548 1.41882 -1.97909
93 1.01537 17.7323 -1.84126
94 11.5773 8.76948 1.7493
95 6.56305 3.10083 2.47054
96 16.7787 17.2081 -1.16179
97 0.776695 6.06531 -0.136866
98 6.53302 16.5574 -1.62683
99 19.305 9.1453 2.04903
