100
Particles
0 15.9309 3.6687 0.959996
1 11.937 8.91666 -1.25977
2 9.18498 6.67417 -2.78523
3 13.0178 1.12823 1.22432
4 18.7711 0.0155753 -1.37187
5 12.3496 12.2331 2.77903
6 0.461249 10.4955 -0.249974
7 0.933313 19.4751 -1.47775
8 1.81213 12.3677 -0.915219
9 19.6646 9.33526 1.89994
10 13.6062 9.00999 1.99597
11 18.844 11.2658 -0.509881
12 0.319325 4.61788 -1.94689
13 13.6653 12.1999 1.79028
14 3.46729 7.82121 -0.638743
15 15.1072 8.50312 -2.3975
16 11.354 0.626266 2.69079
17 8.99508 7.903 -2.16491
18 14.5454 6.53082 -0.436727
19 10.4167 19.2234 1.41429
20 14.9464 10.7938 0.0967726
21 19.3051 12.1407 -2.05617
22 5.92547 3.30534 2.08213
23 8.46803 7.89763 -0.831505
24 0.281596 3.97685 -2.52183
25 15.8035 12.1192 -2.55458
26 13.0215 18.2992 2.06259
27 8.98901 1.9082 -1.72265
28 13.3768 13.3184 1.15069
29 5.49444 11.2249 -2.25212
30 19.4342 16.9783 1.44072
31 4.7197 5.12137 -2.79402
32 14.2133 2.21782 0.774474
33 4.03438 17.9153 0.625059
34 11.2655 13.9103 2.85143
35 12.0883 10.7968 -2.48806
36 18.8571 11.9773 0.645136
37 17.6094 12.4871 -0.657106
38 2.10989 9.13069 -1.48874
39 8.3302 17.6656 -2.43211
40 2.44176 7.12596 2.52172
41 5.44264 12.9538 -1.77464
42 7.05138 6.09563 -1.16585
43 10.6818 9.6966 0.207996
44 5.38825 4.88251 -0.18584
45 4.37528 11.162 0.317271
46 1.29784 5.07831 -2.42929
47 13.9261 14.2454 -2.09758
48 19.9548 5.33562 1.77429
49 8.22074 0.661015 -2.06014
50 12.687 13.6141 -0.232288
51 8.95566 11.0579 2.11562
52 1.61707 7.39309 -1.58084
53 16.0628 9.40601 2.14616
54 7.97649 16.3286 1.20559
55 3.01435 10.164 1.77166
56 17.1672 6.51918 -1.06451
57 14.223 16.19 1.19524
58 1.92353 18.8105 0.438239
59 10.355 16.7542 1.72531
60 14.7043 4.18143 -0.509767
61 13.9157 4.571 -2.23182
62 19.6434 10.3327 -1.47702
63 19.9251 19.3084 0.428824
64 17.6527 3.77414 -0.815176
65 14.0072 16.9332 2.77976
66 8.09016 17.7554 -3.22089
67 18.7127 15.7068 0.657742
68 11.6137 7.44566 -3.17883
69 19.4733 5.67842 -1.89138
70 9.71227 8.96848 -2.09602
71 3.5185 0.361507 -0.697619
72 3.57645 7.32938 1.4937
73 14.4188 6.16122 -0.131415
74 10.1763 12.7267 -1.78899
75 11.7974 19.5779 0.843054
76 18.122 8.68789 -0.963275
77 12.9021 13.3785 1.30442
78 4.60371 9.98387 -0.143184
79 15.3711 0.872076 2.11822
80 9.39889 5.59121 0.43165
81 14.9544 19.0614 2.10044
82 11.0553 11.4458 -2.27316
83 1.50693 6.11394 -1.83242
84 5.3695 9.7056 -0.346744
85 7.89383 16.8843 -1.99586
86 1.40832 4.17837 0.930439
87 7.17294 5.08327 -1.30314
88 6.45102 16.9734 -2.54079
89 14.1782 11.0564 -0.755633
90 8.39562 5.12414 0.751945
91 1.63188 0.103697 0.125862
92 3.88548 1.41882 -1.82235
93 1.01537 17.7323 -1.77031
94 11.5773 8.76948 1.42645
95 6.56305 3.10083 2.40568
96 16.7787 17.2081 -1.27699
97 0.776695 6.06531 0.269269
98 6.53302 16.5574 -2.00088
99 19.305 9.1453 2.50074
