100
Particles
0 15.9309 3.6687 1.4891
1 11.937 8.91666 -2.7402
2 9.18498 6.67417 -2.44533
3 13.0178 1.12823 0.914674
4 18.7711 0.0155753 2.81538
5 12.3496 12.2331 3.02169
6 0.461249 10.4955 -0.585908
7 0.933313 19.4751 -1.68363
8 1.81213 12.3677 -0.932556
9 19.6646 9.33526 2.70913
10 13.6062 9.00999 2.90545
11 18.844 11.2658 -0.574619
12 0.319325 4.61788 -1.85517
13 13.6653 12.1999 1.36054
14 3.46729 7.82121 -2.26753
15 15.1072 8.50312 -2.18639
16 11.354 0.626266 2.66434
17 8.99508 7.903 2.50792
18 14.5454 6.53082 0.543143
19 10.4167 19.2234 2.54868
20 14.9464 10.7938 0.058699
21 19.3051 12.1407 -0.390349
22 5.92547 3.30534 -2.78089
23 8.46803 7.89763 -1.08638
24 0.281596 3.97685 0.876184
25 15.8035 12.1192 2.69554
26 13.0215 18.2992 1.79219
27 8.98901 1.9082 -1.45467
28 13.3768 13.3184 0.799534
29 5.49444 11.2249 -0.692748
30 19.4342 16.9783 1.73967
31 4.7197 5.12137 -2.33994
32 14.2133 2.21782 -0.666478
33 4.03438 17.9153 -0.0833863
34 11.2655 13.9103 -2.48906
35 12.0883 10.7968 -1.77073
36 18.8571 11.9773 0.855161
37 17.6094 12.4871 -1.84565
38 2.10989 9.13069 -1.95104
39 8.3302 17.6656 -1.1798
40 2.44176 7.12596 2.54081
41 5.44264 12.9538 -2.95282
42 7.05138 6.09563 -1.59026
43 10.6818 9.6966 0.307384
44 5.38825 4.88251 -1.78986
45 4.37528 11.162 -0.620097
46 1.29784 5.07831 -1.92696
47 13.9261 14.2454 -2.30631
48 19.9548 5.33562 -2.83233
49 8.22074 0.661015 -1.11733
50 12.687 13.6141 0.695559
51 8.95566 11.0579 0.870454
52 1.61707 7.39309 -1.85816
53 16.0628 9.40601 -2.78417
54 7.97649 16.3286 1.97927
55 3.01435 10.164 1.28681
56 17.1672 6.51918 -1.42599
57 14.223 16.19 -0.363918
58 1.92353 18.8105 -0.437437
59 10.355 16.7542 1.54337
60 14.7043 4.18143 0.32716
61 13.9157 4.571 -1.38686
62 19.6434 10.3327 -1.47376
63 19.9251 19.3084 0.278042
64 17.6527 3.77414 -1.20081
65 14.0072 16.9332 2.09874
66 8.09016 17.7554 2.00192
67 18.7127 15.7068 0.76307
68 11.6137 7.44566 2.99792
69 19.4733 5.67842 -1.30982
70 9.71227 8.96848 3.32527
71 3.5185 0.361507 -0.484137
72 3.57645 7.32938 0.856715
73 14.4188 6.16122 0.879879
74 10.1763 12.7267 -0.87785
75 11.7974 19.5779 0.0992633
76 18.122 8.68789 -0.65665
77 12.9021 13.3785 2.30223
78 4.60371 9.98387 -0.343168
79 15.3711 0.872076 3.06376
80 9.39889 5.59121 2.25524
81 14.9544 19.0614 -0.433356
82 11.0553 11.4458 2.87105
83 1.50693 6.11394 -1.87907
84 5.3695 9.7056 -0.434702
85 7.89383 16.8843 3.00165
86 1.40832 4.17837 1.50313
87 7.17294 5.08327 -1.65302
88 6.45102 16.9734 -2.07034
89 14.1782 11.0564 -1.12335
90 8.39562 5.12414 -0.026351
91 1.63188 0.103697 0.710873
92 3.88548 1.41882 -0.542407
93 1.01537 17.7323 -2.44221
94 11.5773 8.76948 1.12754
95 6.56305 3.10083 2.75414
96 16.7787 17.2081 -1.47608
97 0.776695 6.06531 0.330839
98 6.53302 16.5574 -1.5398
99 19.305 9.1453 1.73997
