100
Particles
0 15.9309 3.6687 1.14311
1 11.937 8.91666 -1.53344
2 9.18498 6.67417 -2.63388
3 13.0178 1.12823 1.19566
4 18.7711 0.0155753 -1.32536
5 12.3496 12.2331 2.82317
6 0.461249 10.4955 -0.173853
7 0.933313 19.4751 -1.86245
8 1.81213 12.3677 -1.12544
9 19.6646 9.33526 1.58861
10 13.6062 9.00999 1.84582
11 18.844 11.2658 -0.100709
12 0.319325 4.61788 -2.09515
13 13.6653 12.1999 1.99181
14 3.46729 7.82121 -0.467881
15 15.1072 8.50312 -2.32595
16 11.354 0.626266 3.00178
17 8.99508 7.903 -2.39911
18 14.5454 6.53082 -0.503888
19 10.4167 19.2234 1.00302
20 14.9464 10.7938 0.173669
21 19.3051 12.1407 -2.19987
22 5.92547 3.30534 2.0584
23 8.46803 7.89763 -0.672235
24 0.281596 3.97685 -2.37614
25 15.8035 12.1192 -2.68089
26 13.0215 18.2992 2.30961
27 8.98901 1.9082 -1.976
28 13.3768 13.3184 0.726985
29 5.49444 11.2249 -2.29916
30 19.4342 16.9783 1.25073
31 4.7197 5.12137 -2.9012
32 14.2133 2.21782 0.517298
33 4.03438 17.9153 0.410398
34 11.2655 13.9103 2.53372
35 12.0883 10.7968 -2.48327
36 18.8571 11.9773 0.756552
37 17.6094 12.4871 -0.393583
38 2.10989 9.13069 -1.36996
39 8.3302 17.6656 -2.05107
40 2.44176 7.12596 2.78129
41 5.44264 12.9538 -1.49991
42 7.05138 6.09563 -1.34256
43 10.6818 9.6966 0.313909
44 5.38825 4.88251 -0.23834
45 4.37528 11.162 0.137423
46 1.29784 5.07831 -2.34435
47 13.9261 14.2454 -2.24788
48 19.9548 5.33562 1.53673
49 8.22074 0.661015 -1.55332
50 12.687 13.6141 0.12288
51 8.95566 11.0579 2.25388
52 1.61707 7.39309 -1.15429
53 16.0628 9.40601 2.14429
54 7.97649 16.3286 1.56065
55 3.01435 10.164 1.5492
56 17.1672 6.51918 -1.34213
57 14.223 16.19 1.33069
58 1.92353 18.8105 0.838727
59 10.355 16.7542 1.85353
60 14.7043 4.18143 -0.195115
61 13.9157 4.571 -2.0372
62 19.6434 10.3327 -1.32113
63 19.9251 19.3084 0.809297
64 17.6527 3.77414 -0.879083
65 14.0072 16.9332 2.74007
66 8.09016 17.7554 -2.77382
67 18.7127 15.7068 0.459831
68 11.6137 7.44566 -3.18316
69 19.4733 5.67842 -1.55443
70 9.71227 8.96848 -1.74725
71 3.5185 0.361507 -0.848154
72 3.57645 7.32938 1.82635
73 14.4188 6.16122 0.0487257
74 10.1763 12.7267 -1.57806
75 11.7974 19.5779 0.960387
76 18.122 8.68789 -1.01725
77 12.9021 13.3785 1.3416
78 4.60371 9.98387 0.0323786
79 15.3711 0.872076 1.90533
80 9.39889 5.59121 0.455419
81 14.9544 19.0614 2.01786
82 11.0553 11.4458 -2.43128
83 1.50693 6.11394 -2.19144
84 5.3695 9.7056 -0.159377
85 7.89383 16.8843 -1.69923
86 1.40832 4.17837 0.70773
87 7.17294 5.08327 -1.2158
88 6.45102 16.9734 -2.54599
89 14.1782 11.0564 -1.08803
90 8.39562 5.12414 0.551087
91 1.63188 0.103697 -0.0651944
92 3.88548 1.41882 -1.52119
93 1.01537 17.7323 -1.59165
94 11.5773 8.76948 1.55988
95 6.56305 3.10083 2.45346
96 16.7787 17.2081 -1.15228
97 0.776695 6.06531 0.474152
98 6.53302 16.5574 -1.56353
99 19.305 9.1453 2.62566
