100
Particles
0 15.9309 3.6687 1.34835
1 11.937 8.91666 -1.28017
2 9.18498 6.67417 -2.36146
3 13.0178 1.12823 1.385
4 18.7711 0.0155753 -1.21587
5 12.3496 12.2331 2.51261
6 0.461249 10.4955 -0.195326
7 0.933313 19.4751 -1.81774
8 1.81213 12.3677 -1.24857
9 19.6646 9.33526 1.47432
10 13.6062 9.00999 2.13558
11 18.844 11.2658 0.14541
12 0.319325 4.61788 -1.87576
13 13.6653 12.1999 1.93276
14 3.46729 7.82121 -0.773434
15 15.1072 8.50312 -2.58971
16 11.354 0.626266 2.88378
17 8.99508 7.903 -2.70337
18 14.5454 6.53082 -0.807271
19 10.4167 19.2234 1.26478
20 14.9464 10.7938 0.303202
21 19.3051 12.1407 -2.3199
22 5.92547 3.30534 1.82759
23 8.46803 7.89763 -0.664924
24 0.281596 3.97685 -2.68694
25 15.8035 12.1192 -2.40542
26 13.0215 18.2992 2.25608
27 8.98901 1.9082 -2.03737
28 13.3768 13.3184 0.658243
29 5.49444 11.2249 -2.56976
30 19.4342 16.9783 1.33764
31 4.7197 5.12137 -2.7548
32 14.2133 2.21782 0.627961
33 4.03438 17.9153 0.18322
34 11.2655 13.9103 2.58326
35 12.0883 10.7968 -2.43961
36 18.8571 11.9773 0.988032
37 17.6094 12.4871 -0.46953
38 2.10989 9.13069 -1.45071
39 8.3302 17.6656 -1.97659
40 2.44176 7.12596 2.8649
41 5.44264 12.9538 -1.51921
42 7.05138 6.09563 -1.37833
43 10.6818 9.6966 0.310231
44 5.38825 4.88251 -0.0114882
45 4.37528 11.162 0.113024
46 1.29784 5.07831 -2.06793
47 13.9261 14.2454 -2.24536
48 19.9548 5.33562 1.81897
49 8.22074 0.661015 -1.34419
50 12.687 13.6141 0.0364431
51 8.95566 11.0579 2.48236
52 1.61707 7.39309 -1.39929
53 16.0628 9.40601 2.41136
54 7.97649 16.3286 1.64337
55 3.01435 10.164 1.26921
56 17.1672 6.51918 -1.25149
57 14.223 16.19 1.62867
58 1.92353 18.8105 0.568425
59 10.355 16.7542 1.88789
60 14.7043 4.18143 -0.0394209
61 13.9157 4.571 -1.84226
62 19.6434 10.3327 -1.37528
63 19.9251 19.3084 0.623419
64 17.6527 3.77414 -1.16664
65 14.0072 16.9332 2.79017
66 8.09016 17.7554 -2.80341
67 18.7127 15.7068 0.741786
68 11.6137 7.44566 2.82394
69 19.4733 5.67842 -1.43794
70 9.71227 8.96848 -2.04573
71 3.5185 0.361507 -1.0546
72 3.57645 7.32938 1.79718
73 14.4188 6.16122 0.0203712
74 10.1763 12.7267 -1.46138
75 11.7974 19.5779 1.21813
76 18.122 8.68789 -0.929894
77 12.9021 13.3785 1.62656
78 4.60371 9.98387 0.272155
79 15.3711 0.872076 1.95842
80 9.39889 5.59121 0.665147
81 14.9544 19.0614 2.10744
82 11.0553 11.4458 -2.69608
83 1.50693 6.11394 -2.04029
84 5.3695 9.7056 -0.413904
85 7.89383 16.8843 -1.64012
86 1.40832 4.17837 0.835053
87 7.17294 5.08327 -1.48816
88 6.45102 16.9734 -2.71514
89 14.1782 11.0564 -0.826858
90 8.39562 5.12414 0.62417
91 1.63188 0.103697 -0.224608
92 3.88548 1.41882 -1.40138
93 1.01537 17.7323 -1.53084
94 11.5773 8.76948 1.56087
95 6.56305 3.10083 2.75265
96 16.7787 17.2081 -1.03701
97 0.776695 6.06531 0.395889
98 6.53302 16.5574 -1.37499
99 19.305 9.1453 2.8673
