100
Particles
0 15.9309 3.6687 1.11287
1 11.937 8.91666 -1.46832
2 9.18498 6.67417 -2.53976
3 13.0178 1.12823 1.50514
4 18.7711 0.0155753 -1.15113
5 12.3496 12.2331 2.58737
6 0.461249 10.4955 0.0816202
7 0.933313 19.4751 -1.64438
8 1.81213 12.3677 -1.48234
9 19.6646 9.33526 1.37851
10 13.6062 9.00999 2.09498
11 18.844 11.2658 0.0800412
12 0.319325 4.61788 -1.76938
13 13.6653 12.1999 2.17899
14 3.46729 7.82121 -0.895295
15 15.1072 8.50312 -2.55711
16 11.354 0.626266 3.06562
17 8.99508 7.903 -2.75602
18 14.5454 6.53082 -1.0158
19 10.4167 19.2234 1.24905
20 14.9464 10.7938 0.0237405
21 19.3051 12.1407 -2.04194
22 5.92547 3.30534 1.56044
23 8.46803 7.89763 -0.703592
24 0.281596 3.97685 -2.66817
25 15.8035 12.1192 -2.1005
26 13.0215 18.2992 2.04624
27 8.98901 1.9082 -2.27963
28 13.3768 13.3184 0.349554
29 5.49444 11.2249 -2.78617
30 19.4342 16.9783 1.15372
31 4.7197 5.12137 -2.67275
32 14.2133 2.21782 0.451847
33 4.03438 17.9153 -0.118045
34 11.2655 13.9103 2.78848
35 12.0883 10.7968 -2.52406
36 18.8571 11.9773 0.896107
37 17.6094 12.4871 -0.593636
38 2.10989 9.13069 -1.15202
39 8.3302 17.6656 -2.18387
40 2.44176 7.12596 3.11512
41 5.44264 12.9538 -1.34528
42 7.05138 6.09563 -1.64444
43 10.6818 9.6966 0.616052
44 5.38825 4.88251 -0.155143
45 4.37528 11.162 -0.139194
46 1.29784 5.07831 -1.86102
47 13.9261 14.2454 -2.11551
48 19.9548 5.33562 1.89262
49 8.22074 0.661015 -1.56035
50 12.687 13.6141 0.0229318
51 8.95566 11.0579 2.65864
52 1.61707 7.39309 -1.52268
53 16.0628 9.40601 2.29304
54 7.97649 16.3286 1.33118
55 3.01435 10.164 1.06454
56 17.1672 6.51918 -1.01562
57 14.223 16.19 1.59207
58 1.92353 18.8105 0.872678
59 10.355 16.7542 1.82237
60 14.7043 4.18143 0.0957848
61 13.9157 4.571 -1.97928
62 19.6434 10.3327 -1.46085
63 19.9251 19.3084 0.429097
64 17.6527 3.77414 -1.26273
65 14.0072 16.9332 2.81985
66 8.09016 17.7554 -2.49442
67 18.7127 15.7068 0.844957
68 11.6137 7.44566 2.63497
69 19.4733 5.67842 -1.72385
70 9.71227 8.96848 -2.28049
71 3.5185 0.361507 -1.01529
72 3.57645 7.32938 1.96378
73 14.4188 6.16122 0.297095
74 10.1763 12.7267 -1.7656
75 11.7974 19.5779 1.23243
76 18.122 8.68789 -0.948199
77 12.9021 13.3785 1.72461
78 4.60371 9.98387 0.309589
79 15.3711 0.872076 2.07594
80 9.39889 5.59121 0.764473
81 14.9544 19.0614 1.8668
82 11.0553 11.4458 -2.50776
83 1.50693 6.11394 -2.27702
84 5.3695 9.7056 -0.289163
85 7.89383 16.8843 -1.69281
86 1.40832 4.17837 0.843756
87 7.17294 5.08327 -1.23476
88 6.45102 16.9734 -2.47016
89 14.1782 11.0564 -0.627143
90 8.39562 5.12414 0.630546
91 1.63188 0.103697 -0.0761737
92 3.88548 1.41882 -1.39328
93 1.01537 17.7323 -1.29861
94 11.5773 8.76948 1.49978
95 6.56305 3.10083 3.04811
96 16.7787 17.2081 -0.765377
97 0.776695 6.06531 0.547693
98 6.53302 16.5574 -1.51359
99 19.305 9.1453 2.63586
