100
Particles
0 15.9309 3.6687 1.33574
1 11.937 8.91666 -1.67861
2 9.18498 6.67417 -2.31717
3 13.0178 1.12823 1.49934
4 18.7711 0.0155753 -1.20984
5 12.3496 12.2331 2.8407
6 0.461249 10.4955 0.146872
7 0.933313 19.4751 -1.59624
8 1.81213 12.3677 -1.44542
9 19.6646 9.33526 1.29756
10 13.6062 9.00999 2.27446
11 18.844 11.2658 -0.0752801
12 0.319325 4.61788 -1.49361
13 13.6653 12.1999 2.42654
14 3.46729 7.82121 -0.997409
15 15.1072 8.50312 -2.41294
16 11.354 0.626266 3.11163
17 8.99508 7.903 -2.85802
18 14.5454 6.53082 -0.708852
19 10.4167 19.2234 0.950743
20 14.9464 10.7938 -0.131677
21 19.3051 12.1407 -2.02933
22 5.92547 3.30534 1.57423
23 8.46803 7.89763 -0.647714
24 0.281596 3.97685 -2.51003
25 15.8035 12.1192 -2.02291
26 13.0215 18.2992 2.10925
27 8.98901 1.9082 -2.56016
28 13.3768 13.3184 0.271975
29 5.49444 11.2249 -2.95452
30 19.4342 16.9783 1.0063
31 4.7197 5.12137 -2.63861
32 14.2133 2.21782 0.263041
33 4.03438 17.9153 -0.247511
34 11.2655 13.9103 2.62329
35 12.0883 10.7968 -2.24226
36 18.8571 11.9773 1.1755
37 17.6094 12.4871 -0.524558
38 2.10989 9.13069 -0.885289
39 8.3302 17.6656 -2.00429
40 2.44176 7.12596 3.17164
41 5.44264 12.9538 -1.6554
42 7.05138 6.09563 -1.47321
43 10.6818 9.6966 0.74328
44 5.38825 4.88251 -0.0827272
45 4.37528 11.162 0.0244354
46 1.29784 5.07831 -1.8529
47 13.9261 14.2454 -1.98728
48 19.9548 5.33562 2.16605
49 8.22074 0.661015 -1.63838
50 12.687 13.6141 0.153699
51 8.95566 11.0579 2.64337
52 1.61707 7.39309 -1.4131
53 16.0628 9.40601 2.45822
54 7.97649 16.3286 1.04558
55 3.01435 10.164 1.15665
56 17.1672 6.51918 -1.18731
57 14.223 16.19 1.69891
58 1.92353 18.8105 0.852779
59 10.355 16.7542 1.99424
60 14.7043 4.18143 -0.140839
61 13.9157 4.571 -1.89991
62 19.6434 10.3327 -1.60004
63 19.9251 19.3084 0.650882
64 17.6527 3.77414 -0.99357
65 14.0072 16.9332 3.13174
66 8.09016 17.7554 -2.30843
67 18.7127 15.7068 1.00438
68 11.6137 7.44566 2.45622
69 19.4733 5.67842 -1.82689
70 9.71227 8.96848 -2.30206
71 3.5185 0.361507 -0.843523
72 3.57645 7.32938 2.22451
73 14.4188 6.16122 0.101775
74 10.1763 12.7267 -1.50022
75 11.7974 19.5779 1.35535
76 18.122 8.68789 -0.878599
77 12.9021 13.3785 1.53602
78 4.60371 9.98387 0.0303174
79 15.3711 0.872076 2.11896
80 9.39889 5.59121 0.859673
81 14.9544 19.0614 1.68508
82 11.0553 11.4458 -2.47229
83 1.50693 6.11394 -2.05302
84 5.3695 9.7056 -0.0786351
85 7.89383 16.8843 -1.42429
86 1.40832 4.17837 0.759489
87 7.17294 5.08327 -1.34908
88 6.45102 16.9734 -2.31345
89 14.1782 11.0564 -0.670426
90 8.39562 5.12414 0.371396
91 1.63188 0.103697 -0.212644
92 3.88548 1.41882 -1.44443
93 1.01537 17.7323 -1.42898
94 11.5773 8.76948 1.39435
95 6.56305 3.10083 2.91854
96 16.7787 17.2081 -1.05346
97 0.776695 6.06531 0.633832
98 6.53302 16.5574 -1.45246
99 19.305 9.1453 2.73224
