100
Particles
0 15.9309 3.6687 1.14241
1 11.937 8.91666 -1.80701
2 9.18498 6.67417 -2.24201
3 13.0178 1.12823 1.56194
4 18.7711 0.0155753 -1.20587
5 12.3496 12.2331 2.74671
6 0.461249 10.4955 0.406324
7 0.933313 19.4751 -1.69692
8 1.81213 12.3677 -1.47331
9 19.6646 9.33526 1.40947
10 13.6062 9.00999 2.30149
11 18.844 11.2658 -0.171484
12 0.319325 4.61788 -1.53405
13 13.6653 12.1999 2.61157
14 3.46729 7.82121 -1.13681
15 15.1072 8.50312 -2.63771
16 11.354 0.626266 2.99424
17 8.99508 7.903 -2.63841
18 14.5454 6.53082 -0.967097
19 10.4167 19.2234 1.25969
20 14.9464 10.7938 -0.105914
21 19.3051 12.1407 -1.72469
22 5.92547 3.30534 1.85006
23 8.46803 7.89763 -0.677362
24 0.281596 3.97685 -2.69948
25 15.8035 12.1192 -2.23347
26 13.0215 18.2992 1.94588
27 8.98901 1.9082 -2.42813
28 13.3768 13.3184 0.129316
29 5.49444 11.2249 -3.05416
30 19.4342 16.9783 0.974112
31 4.7197 5.12137 -2.37897
32 14.2133 2.21782 0.067881
33 4.03438 17.9153 -0.558512
34 11.2655 13.9103 2.34689
35 12.0883 10.7968 -1.98794
36 18.8571 11.9773 1.26819
37 17.6094 12.4871 -0.66716
38 2.10989 9.13069 -1.08811
39 8.3302 17.6656 -2.13355
40 2.44176 7.12596 -3.35358
41 5.44264 12.9538 -1.37798
42 7.05138 6.09563 -1.29464
43 10.6818 9.6966 0.719649
44 5.38825 4.88251 0.146586
45 4.37528 11.162 -0.132985
46 1.29784 5.07831 -1.71648
47 13.9261 14.2454 -1.76351
48 19.9548 5.33562 2.07605
49 8.22074 0.661015 -1.47661
50 12.687 13.6141 0.0249388
51 8.95566 11.0579 2.51699
52 1.61707 7.39309 -1.65999
53 16.0628 9.40601 2.42056
54 7.97649 16.3286 1.18991
55 3.01435 10.164 1.43325
56 17.1672 6.51918 -1.12209
57 14.223 16.19 1.92707
58 1.92353 18.8105 1.05541
59 10.355 16.7542 1.789
60 14.7043 4.18143 -0.149751
61 13.9157 4.571 -2.14061
62 19.6434 10.3327 -1.48559
63 19.9251 19.3084 0.933562
64 17.6527 3.77414 -1.22159
65 14.0072 16.9332 3.2787
66 8.09016 17.7554 -2.22534
67 18.7127 15.7068 1.05691
68 11.6137 7.44566 2.38718
69 19.4733 5.67842 -1.91792
70 9.71227 8.96848 -2.58778
71 3.5185 0.361507 -1.02077
72 3.57645 7.32938 1.91989
73 14.4188 6.16122 0.152931
74 10.1763 12.7267 -1.74787
75 11.7974 19.5779 1.58972
76 18.122 8.68789 -0.864058
77 12.9021 13.3785 1.66149
78 4.60371 9.98387 -0.0256927
79 15.3711 0.872076 2.15703
80 9.39889 5.59121 1.1378
81 14.9544 19.0614 1.42291
82 11.0553 11.4458 -2.62689
83 1.50693 6.11394 -1.8771
84 5.3695 9.7056 -0.330756
85 7.89383 16.8843 -1.69091
86 1.40832 4.17837 0.672493
87 7.17294 5.08327 -1.60533
88 6.45102 16.9734 -2.25999
89 14.1782 11.0564 -0.842413
90 8.39562 5.12414 0.62002
91 1.63188 0.103697 -0.0345154
92 3.88548 1.41882 -1.31896
93 1.01537 17.7323 -1.3555
94 11.5773 8.76948 1.62272
95 6.56305 3.10083 2.74453
96 16.7787 17.2081 -0.81903
97 0.776695 6.06531 0.815725
98 6.53302 16.5574 -1.29653
99 19.305 9.1453 2.77072
