100
Particles
0 15.9309 3.6687 0.982971
1 11.937 8.91666 -1.85504
2 9.18498 6.67417 -2.05756
3 13.0178 1.12823 1.26774
4 18.7711 0.0155753 -1.02865
5 12.3496 12.2331 2.5834
6 0.461249 10.4955 0.182837
7 0.933313 19.4751 -1.93838
8 1.81213 12.3677 -1.77034
9 19.6646 9.33526 1.42429
10 13.6062 9.00999 2.12447
11 18.844 11.2658 0.136035
12 0.319325 4.61788 -1.48728
13 13.6653 12.1999 2.38404
14 3.46729 7.82121 -1.01821
15 15.1072 8.50312 -2.3878
16 11.354 0.626266 3.14829
17 8.99508 7.903 -2.90454
18 14.5454 6.53082 -0.718356
19 10.4167 19.2234 1.44437
20 14.9464 10.7938 -0.320608
21 19.3051 12.1407 -2.00631
22 5.92547 3.30534 1.88607
23 8.46803 7.89763 -0.893481
24 0.281596 3.97685 -2.48925
25 15.8035 12.1192 -2.32248
26 13.0215 18.2992 2.2053
27 8.98901 1.9082 -2.38686
28 13.3768 13.3184 -0.0700673
29 5.49444 11.2249 -3.28061
30 19.4342 16.9783 1.02216
31 4.7197 5.12137 -2.21442
32 14.2133 2.21782 0.244756
33 4.03438 17.9153 -0.699408
34 11.2655 13.9103 2.16106
35 12.0883 10.7968 -2.29157
36 18.8571 11.9773 1.38078
37 17.6094 12.4871 -0.93321
38 2.10989 9.13069 -1.1379
39 8.3302 17.6656 -2.06966
40 2.44176 7.12596 3.20425
41 5.44264 12.9538 -1.49623
42 7.05138 6.09563 -1.45186
43 10.6818 9.6966 0.816511
44 5.38825 4.88251 0.221506
45 4.37528 11.162 -0.238473
46 1.29784 5.07831 -1.44749
47 13.9261 14.2454 -1.54683
48 19.9548 5.33562 1.90263
49 8.22074 0.661015 -1.64051
50 12.687 13.6141 0.0326673
51 8.95566 11.0579 2.68888
52 1.61707 7.39309 -1.94648
53 16.0628 9.40601 2.54203
54 7.97649 16.3286 1.28305
55 3.01435 10.164 1.26453
56 17.1672 6.51918 -1.00815
57 14.223 16.19 2.20365
58 1.92353 18.8105 0.770646
59 10.355 16.7542 1.67568
60 14.7043 4.18143 -0.188595
61 13.9157 4.571 -1.88974
62 19.6434 10.3327 -1.19514
63 19.9251 19.3084 0.898449
64 17.6527 3.77414 -1.0645
65 14.0072 16.9332 -2.98459
66 8.09016 17.7554 -2.2016
67 18.7127 15.7068 0.917489
68 11.6137 7.44566 2.20934
69 19.4733 5.67842 -2.05112
70 9.71227 8.96848 -2.55239
71 3.5185 0.361507 -1.31661
72 3.57645 7.32938 2.17577
73 14.4188 6.16122 -0.0630324
74 10.1763 12.7267 -1.92374
75 11.7974 19.5779 1.60121
76 18.122 8.68789 -0.732039
77 12.9021 13.3785 1.40747
78 4.60371 9.98387 -0.140239
79 15.3711 0.872076 2.4515
80 9.39889 5.59121 0.98848
81 14.9544 19.0614 1.30544
82 11.0553 11.4458 -2.41546
83 1.50693 6.11394 -2.15971
84 5.3695 9.7056 -0.35299
85 7.89383 16.8843 -1.76655
86 1.40832 4.17837 0.557251
87 7.17294 5.08327 -1.73998
88 6.45102 16.9734 -2.51674
89 14.1782 11.0564 -0.958761
90 8.39562 5.12414 0.332911
91 1.63188 0.103697 0.142019
92 3.88548 1.41882 -1.3829
93 1.01537 17.7323 -1.39075
94 11.5773 8.76948 1.87003
95 6.56305 3.10083 2.84384
96 16.7787 17.2081 -1.12813
97 0.776695 6.06531 1.09418
98 6.53302 16.5574 -1.46169
99 19.305 9.1453 2.52418
