100
Particles
0 15.9309 3.6687 1.15144
1 11.937 8.91666 -1.85474
2 9.18498 6.67417 -2.09917
3 13.0178 1.12823 1.11035
4 18.7711 0.0155753 -0.99882
5 12.3496 12.2331 2.44164
6 0.461249 10.4955 0.435159
7 0.933313 19.4751 -2.11732
8 1.81213 12.3677 -1.52885
9 19.6646 9.33526 1.46162
10 13.6062 9.00999 2.33086
11 18.844 11.2658 0.26977
12 0.319325 4.61788 -1.36369
13 13.6653 12.1999 2.27368
14 3.46729 7.82121 -1.18541
15 15.1072 8.50312 -2.56946
16 11.354 0.626266 -2.91047
17 8.99508 7.903 -2.70321
18 14.5454 6.53082 -0.755694
19 10.4167 19.2234 1.2134
20 14.9464 10.7938 -0.394591
21 19.3051 12.1407 -1.93133
22 5.92547 3.30534 1.85742
23 8.46803 7.89763 -0.717433
24 0.281596 3.97685 -2.17658
25 15.8035 12.1192 -2.51655
26 13.0215 18.2992 2.17995
27 8.98901 1.9082 -2.43022
28 13.3768 13.3184 -0.192908
29 5.49444 11.2249 2.81289
30 19.4342 16.9783 0.749278
31 4.7197 5.12137 -1.97119
32 14.2133 2.21782 0.194396
33 4.03438 17.9153 -0.701358
34 11.2655 13.9103 2.42303
35 12.0883 10.7968 -2.11797
36 18.8571 11.9773 1.14862
37 17.6094 12.4871 -0.892106
38 2.10989 9.13069 -1.17419
39 8.3302 17.6656 -1.88292
40 2.44176 7.12596 -2.93804
41 5.44264 12.9538 -1.37659
42 7.05138 6.09563 -1.55205
43 10.6818 9.6966 1.00813
44 5.38825 4.88251 -0.0597352
45 4.37528 11.162 -0.452337
46 1.29784 5.07831 -1.55077
47 13.9261 14.2454 -1.81273
48 19.9548 5.33562 1.73612
49 8.22074 0.661015 -1.43307
50 12.687 13.6141 0.314312
51 8.95566 11.0579 2.5661
52 1.61707 7.39309 -2.09444
53 16.0628 9.40601 2.40374
54 7.97649 16.3286 1.14339
55 3.01435 10.164 0.972947
56 17.1672 6.51918 -0.739907
57 14.223 16.19 2.02376
58 1.92353 18.8105 0.720383
59 10.355 16.7542 1.36761
60 14.7043 4.18143 0.0363144
61 13.9157 4.571 -1.7445
62 19.6434 10.3327 -0.914437
63 19.9251 19.3084 1.07539
64 17.6527 3.77414 -1.18155
65 14.0072 16.9332 -3.14301
66 8.09016 17.7554 -2.07737
67 18.7127 15.7068 0.832109
68 11.6137 7.44566 2.25094
69 19.4733 5.67842 -2.36134
70 9.71227 8.96848 -2.82767
71 3.5185 0.361507 -1.29438
72 3.57645 7.32938 2.21729
73 14.4188 6.16122 0.0949602
74 10.1763 12.7267 -2.15499
75 11.7974 19.5779 1.60949
76 18.122 8.68789 -0.924023
77 12.9021 13.3785 1.15187
78 4.60371 9.98387 -0.196476
79 15.3711 0.872076 2.23997
80 9.39889 5.59121 0.81367
81 14.9544 19.0614 1.19081
82 11.0553 11.4458 -2.56665
83 1.50693 6.11394 -2.41883
84 5.3695 9.7056 -0.610653
85 7.89383 16.8843 -1.95929
86 1.40832 4.17837 0.274859
87 7.17294 5.08327 -1.66052
88 6.45102 16.9734 -2.65036
89 14.1782 11.0564 -1.09715
90 8.39562 5.12414 0.227353
91 1.63188 0.103697 0.244307
92 3.88548 1.41882 -1.15002
93 1.01537 17.7323 -1.22796
94 11.5773 8.76948 2.01299
95 6.56305 3.10083 2.83403
96 16.7787 17.2081 -1.00635
97 0.776695 6.06531 1.12733
98 6.53302 16.5574 -1.63998
99 19.305 9.1453 2.34108
