100
Particles
0 15.9309 3.6687 1.02351
1 11.937 8.91666 -1.59663
2 9.18498 6.67417 -2.06938
3 13.0178 1.12823 1.25732
4 18.7711 0.0155753 -1.09523
5 12.3496 12.2331 2.38365
6 0.461249 10.4955 0.199895
7 0.933313 19.4751 -2.32385
8 1.81213 12.3677 -1.32316
9 19.6646 9.33526 1.51492
10 13.6062 9.00999 2.22878
11 18.844 11.2658 0.460057
12 0.319325 4.61788 -1.52296
13 13.6653 12.1999 2.57278
14 3.46729 7.82121 -1.28291
15 15.1072 8.50312 -2.67168
16 11.354 0.626266 -3.02865
17 8.99508 7.903 -2.94064
18 14.5454 6.53082 -1.00002
19 10.4167 19.2234 1.30646
20 14.9464 10.7938 -0.158897
21 19.3051 12.1407 -1.74879
22 5.92547 3.30534 1.63192
23 8.46803 7.89763 -0.688793
24 0.281596 3.97685 -2.4244
25 15.8035 12.1192 -2.80225
26 13.0215 18.2992 2.27821
27 8.98901 1.9082 -2.40814
28 13.3768 13.3184 -0.455531
29 5.49444 11.2249 2.52068
30 19.4342 16.9783 1.057
31 4.7197 5.12137 -2.26648
32 14.2133 2.21782 0.159542
33 4.03438 17.9153 -0.698456
34 11.2655 13.9103 2.18256
35 12.0883 10.7968 -2.3259
36 18.8571 11.9773 1.0555
37 17.6094 12.4871 -0.72769
38 2.10989 9.13069 -1.16974
39 8.3302 17.6656 -1.79627
40 2.44176 7.12596 -2.6332
41 5.44264 12.9538 -1.2082
42 7.05138 6.09563 -1.59329
43 10.6818 9.6966 0.974474
44 5.38825 4.88251 0.0148915
45 4.37528 11.162 -0.348435
46 1.29784 5.07831 -1.55033
47 13.9261 14.2454 -1.72171
48 19.9548 5.33562 1.43675
49 8.22074 0.661015 -1.47729
50 12.687 13.6141 0.175415
51 8.95566 11.0579 2.33311
52 1.61707 7.39309 -2.34605
53 16.0628 9.40601 2.46857
54 7.97649 16.3286 1.15822
55 3.01435 10.164 0.818119
56 17.1672 6.51918 -0.758159
57 14.223 16.19 2.01888
58 1.92353 18.8105 0.528751
59 10.355 16.7542 1.46317
60 14.7043 4.18143 0.212821
61 13.9157 4.571 -1.56137
62 19.6434 10.3327 -0.850054
63 19.9251 19.3084 1.08271
64 17.6527 3.77414 -1.45738
65 14.0072 16.9332 3.00687
66 8.09016 17.7554 -2.33293
67 18.7127 15.7068 1.12354
68 11.6137 7.44566 2.02165
69 19.4733 5.67842 -2.58014
70 9.71227 8.96848 -2.58289
71 3.5185 0.361507 -1.01546
72 3.57645 7.32938 2.38431
73 14.4188 6.16122 -0.215803
74 10.1763 12.7267 -2.4683
75 11.7974 19.5779 1.5329
76 18.122 8.68789 -1.14808
77 12.9021 13.3785 0.849265
78 4.60371 9.98387 -0.219053
79 15.3711 0.872076 2.51835
80 9.39889 5.59121 0.702973
81 14.9544 19.0614 1.29206
82 11.0553 11.4458 -2.47099
83 1.50693 6.11394 -2.57524
84 5.3695 9.7056 -0.516138
85 7.89383 16.8843 -2.14003
86 1.40832 4.17837 0.0373596
87 7.17294 5.08327 -1.53399
88 6.45102 16.9734 -2.89324
89 14.1782 11.0564 -0.784933
90 8.39562 5.12414 0.02846
91 1.63188 0.103697 0.303458
92 3.88548 1.41882 -1.20571
93 1.01537 17.7323 -1.46271
94 11.5773 8.76948 1.71632
95 6.56305 3.10083 2.91115
96 16.7787 17.2081 -0.813613
97 0.776695 6.06531 1.34223
98 6.53302 16.5574 -1.65084
99 19.305 9.1453 2.51541
