100
Particles
0 15.9309 3.6687 1.13211
1 11.937 8.91666 -1.45573
2 9.18498 6.67417 -2.07403
3 13.0178 1.12823 1.34115
4 18.7711 0.0155753 -0.903263
5 12.3496 12.2331 2.31949
6 0.461249 10.4955 0.392147
7 0.933313 19.4751 -2.26604
8 1.81213 12.3677 -1.53308
9 19.6646 9.33526 1.21628
10 13.6062 9.00999 2.14255
11 18.844 11.2658 0.489397
12 0.319325 4.61788 -1.30944
13 13.6653 12.1999 2.33872
14 3.46729 7.82121 -1.09429
15 15.1072 8.50312 -2.44359
16 11.354 0.626266 -3.24813
17 8.99508 7.903 -2.71973
18 14.5454 6.53082 -0.691235
19 10.4167 19.2234 1.44898
20 14.9464 10.7938 0.0200289
21 19.3051 12.1407 -1.43814
22 5.92547 3.30534 1.6982
23 8.46803 7.89763 -0.809502
24 0.281596 3.97685 -2.21232
25 15.8035 12.1192 -2.73032
26 13.0215 18.2992 2.32923
27 8.98901 1.9082 -2.56293
28 13.3768 13.3184 -0.294471
29 5.49444 11.2249 2.25783
30 19.4342 16.9783 1.32359
31 4.7197 5.12137 -2.37592
32 14.2133 2.21782 -0.0743343
33 4.03438 17.9153 -0.734668
34 11.2655 13.9103 1.89509
35 12.0883 10.7968 -2.2099
36 18.8571 11.9773 1.30853
37 17.6094 12.4871 -0.515781
38 2.10989 9.13069 -1.40387
39 8.3302 17.6656 -2.03109
40 2.44176 7.12596 -2.43626
41 5.44264 12.9538 -0.941631
42 7.05138 6.09563 -1.61801
43 10.6818 9.6966 0.973827
44 5.38825 4.88251 -0.0992979
45 4.37528 11.162 -0.100711
46 1.29784 5.07831 -1.45928
47 13.9261 14.2454 -1.85476
48 19.9548 5.33562 1.31032
49 8.22074 0.661015 -1.23149
50 12.687 13.6141 -0.130178
51 8.95566 11.0579 2.22172
52 1.61707 7.39309 -2.3119
53 16.0628 9.40601 2.24754
54 7.97649 16.3286 0.901927
55 3.01435 10.164 1.01621
56 17.1672 6.51918 -0.510348
57 14.223 16.19 2.2222
58 1.92353 18.8105 0.779317
59 10.355 16.7542 1.49655
60 14.7043 4.18143 0.409019
61 13.9157 4.571 -1.63423
62 19.6434 10.3327 -0.745584
63 19.9251 19.3084 1.38985
64 17.6527 3.77414 -1.62971
65 14.0072 16.9332 2.93769
66 8.09016 17.7554 -2.34547
67 18.7127 15.7068 0.896096
68 11.6137 7.44566 1.75841
69 19.4733 5.67842 -2.37297
70 9.71227 8.96848 -2.28331
71 3.5185 0.361507 -1.07532
72 3.57645 7.32938 2.12523
73 14.4188 6.16122 -0.488612
74 10.1763 12.7267 -2.22243
75 11.7974 19.5779 1.51016
76 18.122 8.68789 -1.26116
77 12.9021 13.3785 0.834475
78 4.60371 9.98387 -0.333216
79 15.3711 0.872076 2.51147
80 9.39889 5.59121 0.928889
81 14.9544 19.0614 1.35005
82 11.0553 11.4458 -2.34869
83 1.50693 6.11394 -2.66027
84 5.3695 9.7056 -0.366281
85 7.89383 16.8843 -2.03535
86 1.40832 4.17837 -0.201677
87 7.17294 5.08327 -1.48835
88 6.45102 16.9734 -3.04609
89 14.1782 11.0564 -0.593864
90 8.39562 5.12414 -0.0180747
91 1.63188 0.103697 0.614278
92 3.88548 1.41882 -1.46175
93 1.01537 17.7323 -1.28656
94 11.5773 8.76948 1.82546
95 6.56305 3.10083 3.07922
96 16.7787 17.2081 -0.934545
97 0.776695 6.06531 1.33723
98 6.53302 16.5574 -1.46454
99 19.305 9.1453 2.34736
