100
Particles
0 15.9309 3.6687 0.959975
1 11.937 8.91666 -1.42365
2 9.18498 6.67417 -2.05922
3 13.0178 1.12823 1.20434
4 18.7711 0.0155753 -1.03014
5 12.3496 12.2331 2.17991
6 0.461249 10.4955 0.562743
7 0.933313 19.4751 -2.1706
8 1.81213 12.3677 -1.32422
9 19.6646 9.33526 1.51502
10 13.6062 9.00999 2.12631
11 18.844 11.2658 0.217143
12 0.319325 4.61788 -1.59338
13 13.6653 12.1999 2.21033
14 3.46729 7.82121 -0.822512
15 15.1072 8.50312 -2.42901
16 11.354 0.626266 2.89167
17 8.99508 7.903 -2.78308
18 14.5454 6.53082 -0.629286
19 10.4167 19.2234 1.54508
20 14.9464 10.7938 -0.19742
21 19.3051 12.1407 -1.13841
22 5.92547 3.30534 1.72633
23 8.46803 7.89763 -1.03841
24 0.281596 3.97685 -1.96499
25 15.8035 12.1192 -2.99758
26 13.0215 18.2992 2.58542
27 8.98901 1.9082 -2.25093
28 13.3768 13.3184 -0.168536
29 5.49444 11.2249 2.42776
30 19.4342 16.9783 1.22136
31 4.7197 5.12137 -2.09847
32 14.2133 2.21782 -0.0556645
33 4.03438 17.9153 -0.588654
34 11.2655 13.9103 2.16156
35 12.0883 10.7968 -1.91134
36 18.8571 11.9773 1.51789
37 17.6094 12.4871 -0.639549
38 2.10989 9.13069 -1.11073
39 8.3302 17.6656 -1.95059
40 2.44176 7.12596 -2.16568
41 5.44264 12.9538 -0.830981
42 7.05138 6.09563 -1.73912
43 10.6818 9.6966 0.892161
44 5.38825 4.88251 -0.0675855
45 4.37528 11.162 0.0815106
46 1.29784 5.07831 -1.57365
47 13.9261 14.2454 -1.80466
48 19.9548 5.33562 1.21332
49 8.22074 0.661015 -1.03309
50 12.687 13.6141 -0.151083
51 8.95566 11.0579 1.95577
52 1.61707 7.39309 -2.52173
53 16.0628 9.40601 1.97178
54 7.97649 16.3286 0.901489
55 3.01435 10.164 0.768868
56 17.1672 6.51918 -0.752791
57 14.223 16.19 2.49932
58 1.92353 18.8105 1.01346
59 10.355 16.7542 1.46644
60 14.7043 4.18143 0.714259
61 13.9157 4.571 -1.94827
62 19.6434 10.3327 -0.673969
63 19.9251 19.3084 1.463
64 17.6527 3.77414 -1.65644
65 14.0072 16.9332 2.87294
66 8.09016 17.7554 -2.3735
67 18.7127 15.7068 0.842664
68 11.6137 7.44566 1.90324
69 19.4733 5.67842 -2.60208
70 9.71227 8.96848 -2.47329
71 3.5185 0.361507 -1.27606
72 3.57645 7.32938 1.97598
73 14.4188 6.16122 -0.472741
74 10.1763 12.7267 -2.46671
75 11.7974 19.5779 1.74149
76 18.122 8.68789 -1.38849
77 12.9021 13.3785 0.622442
78 4.60371 9.98387 -0.22287
79 15.3711 0.872076 2.22124
80 9.39889 5.59121 1.00427
81 14.9544 19.0614 1.47458
82 11.0553 11.4458 -2.52781
83 1.50693 6.11394 -2.94806
84 5.3695 9.7056 -0.451955
85 7.89383 16.8843 -2.28756
86 1.40832 4.17837 -0.442651
87 7.17294 5.08327 -1.64275
88 6.45102 16.9734 -3.1746
89 14.1782 11.0564 -0.575034
90 8.39562 5.12414 0.0940122
91 1.63188 0.103697 0.672567
92 3.88548 1.41882 -1.68269
93 1.01537 17.7323 -1.49259
94 11.5773 8.76948 2.06345
95 6.56305 3.10083 3.11588
96 16.7787 17.2081 -0.702106
97 0.776695 6.06531 1.25652
98 6.53302 16.5574 -1.39266
99 19.305 9.1453 2.36223
