100
Particles
0 15.9309 3.6687 1.40693
1 11.937 8.91666 -2.76894
2 9.18498 6.67417 -2.41479
3 13.0178 1.12823 0.945413
4 18.7711 0.0155753 2.62797
5 12.3496 12.2331 3.13765
6 0.461249 10.4955 -0.844858
7 0.933313 19.4751 -1.91057
8 1.81213 12.3677 -1.24501
9 19.6646 9.33526 2.46829
10 13.6062 9.00999 2.88859
11 18.844 11.2658 -0.507953
12 0.319325 4.61788 -1.67027
13 13.6653 12.1999 1.11342
14 3.46729 7.82121 -2.04717
15 15.1072 8.50312 -2.03184
16 11.354 0.626266 2.60686
17 8.99508 7.903 2.77994
18 14.5454 6.53082 0.851603
19 10.4167 19.2234 2.36332
20 14.9464 10.7938 -0.0171839
21 19.3051 12.1407 -0.122403
22 5.92547 3.30534 -2.64165
23 8.46803 7.89763 -1.37032
24 0.281596 3.97685 1.05306
25 15.8035 12.1192 2.90159
26 13.0215 18.2992 1.94958
27 8.98901 1.9082 -1.26646
28 13.3768 13.3184 1.00382
29 5.49444 11.2249 -0.889786
30 19.4342 16.9783 1.5736
31 4.7197 5.12137 -2.2559
32 14.2133 2.21782 -0.410209
33 4.03438 17.9153 -0.198873
34 11.2655 13.9103 -2.43358
35 12.0883 10.7968 -1.65576
36 18.8571 11.9773 0.824969
37 17.6094 12.4871 -1.71133
38 2.10989 9.13069 -1.69992
39 8.3302 17.6656 -1.10183
40 2.44176 7.12596 2.56581
41 5.44264 12.9538 -2.99131
42 7.05138 6.09563 -1.54157
43 10.6818 9.6966 0.216506
44 5.38825 4.88251 -1.85804
45 4.37528 11.162 -0.60008
46 1.29784 5.07831 -2.19926
47 13.9261 14.2454 -2.47657
48 19.9548 5.33562 -2.80541
49 8.22074 0.661015 -1.16035
50 12.687 13.6141 0.590514
51 8.95566 11.0579 1.01531
52 1.61707 7.39309 -1.73644
53 16.0628 9.40601 -2.99357
54 7.97649 16.3286 2.21717
55 3.01435 10.164 1.28393
56 17.1672 6.51918 -1.27427
57 14.223 16.19 -0.317956
58 1.92353 18.8105 -0.124727
59 10.355 16.7542 1.70196
60 14.7043 4.18143 0.45721
61 13.9157 4.571 -1.21183
62 19.6434 10.3327 -1.69799
63 19.9251 19.3084 0.092402
64 17.6527 3.77414 -1.06631
65 14.0072 16.9332 2.09496
66 8.09016 17.7554 2.16191
67 18.7127 15.7068 0.513575
68 11.6137 7.44566 3.02085
69 19.4733 5.67842 -1.38596
70 9.71227 8.96848 -2.98494
71 3.5185 0.361507 -0.418818
72 3.57645 7.32938 0.858153
73 14.4188 6.16122 0.904925
74 10.1763 12.7267 -0.886422
75 11.7974 19.5779 0.0420581
76 18.122 8.68789 -0.485821
77 12.9021 13.3785 1.99574
78 4.60371 9.98387 -0.281315
79 15.3711 0.872076 3.10492
80 9.39889 5.59121 2.39107
81 14.9544 19.0614 -0.371134
82 11.0553 11.4458 3.07638
83 1.50693 6.11394 -1.59063
84 5.3695 9.7056 -0.533647
85 7.89383 16.8843 2.83034
86 1.40832 4.17837 1.45513
87 7.17294 5.08327 -1.78627
88 6.45102 16.9734 -1.99811
89 14.1782 11.0564 -0.86458
90 8.39562 5.12414 -0.253101
91 1.63188 0.103697 0.460045
92 3.88548 1.41882 -0.695707
93 1.01537 17.7323 -2.30015
94 11.5773 8.76948 1.18595
95 6.56305 3.10083 2.5042
96 16.7787 17.2081 -1.21297
97 0.776695 6.06531 0.513104
98 6.53302 16.5574 -1.83949
99 19.305 9.1453 1.83507
