100
Particles
0 15.9309 3.6687 0.846327
1 11.937 8.91666 -1.44255
2 9.18498 6.67417 -2.05766
3 13.0178 1.12823 1.01633
4 18.7711 0.0155753 -1.14637
5 12.3496 12.2331 2.36301
6 0.461249 10.4955 0.823991
7 0.933313 19.4751 -2.25869
8 1.81213 12.3677 -1.4455
9 19.6646 9.33526 1.32351
10 13.6062 9.00999 2.23846
11 18.844 11.2658 0.105993
12 0.319325 4.61788 -1.28692
13 13.6653 12.1999 2.10081
14 3.46729 7.82121 -0.889028
15 15.1072 8.50312 -2.36408
16 11.354 0.626266 3.08122
17 8.99508 7.903 -2.80223
18 14.5454 6.53082 -0.677882
19 10.4167 19.2234 1.8565
20 14.9464 10.7938 -0.504986
21 19.3051 12.1407 -0.890185
22 5.92547 3.30534 1.50588
23 8.46803 7.89763 -0.858753
24 0.281596 3.97685 -1.89089
25 15.8035 12.1192 -3.09695
26 13.0215 18.2992 2.82033
27 8.98901 1.9082 -2.55698
28 13.3768 13.3184 -0.340261
29 5.49444 11.2249 2.46979
30 19.4342 16.9783 1.12808
31 4.7197 5.12137 -2.02912
32 14.2133 2.21782 -0.354675
33 4.03438 17.9153 -0.82964
34 11.2655 13.9103 1.92726
35 12.0883 10.7968 -2.10657
36 18.8571 11.9773 1.49234
37 17.6094 12.4871 -0.481132
38 2.10989 9.13069 -0.855918
39 8.3302 17.6656 -1.73987
40 2.44176 7.12596 -2.35613
41 5.44264 12.9538 -0.867957
42 7.05138 6.09563 -1.92799
43 10.6818 9.6966 0.744175
44 5.38825 4.88251 -0.0653569
45 4.37528 11.162 -0.189854
46 1.29784 5.07831 -1.75072
47 13.9261 14.2454 -1.5311
48 19.9548 5.33562 1.19203
49 8.22074 0.661015 -1.06741
50 12.687 13.6141 -0.45609
51 8.95566 11.0579 1.79706
52 1.61707 7.39309 -2.29158
53 16.0628 9.40601 1.76105
54 7.97649 16.3286 0.848161
55 3.01435 10.164 0.463713
56 17.1672 6.51918 -0.766403
57 14.223 16.19 2.19837
58 1.92353 18.8105 1.21428
59 10.355 16.7542 1.67055
60 14.7043 4.18143 0.895053
61 13.9157 4.571 -2.08439
62 19.6434 10.3327 -0.462077
63 19.9251 19.3084 1.49002
64 17.6527 3.77414 -1.73573
65 14.0072 16.9332 2.95169
66 8.09016 17.7554 -2.67991
67 18.7127 15.7068 0.618329
68 11.6137 7.44566 2.05547
69 19.4733 5.67842 -2.76283
70 9.71227 8.96848 -2.41171
71 3.5185 0.361507 -1.34825
72 3.57645 7.32938 2.19891
73 14.4188 6.16122 -0.18848
74 10.1763 12.7267 -2.22571
75 11.7974 19.5779 1.59736
76 18.122 8.68789 -1.58065
77 12.9021 13.3785 0.606379
78 4.60371 9.98387 -0.532421
79 15.3711 0.872076 1.92329
80 9.39889 5.59121 1.03775
81 14.9544 19.0614 1.48743
82 11.0553 11.4458 -2.21706
83 1.50693 6.11394 -3.1354
84 5.3695 9.7056 -0.603943
85 7.89383 16.8843 -2.53038
86 1.40832 4.17837 -0.180301
87 7.17294 5.08327 -1.4682
88 6.45102 16.9734 3.31112
89 14.1782 11.0564 -0.32197
90 8.39562 5.12414 0.109657
91 1.63188 0.103697 0.641901
92 3.88548 1.41882 -1.78926
93 1.01537 17.7323 -1.43654
94 11.5773 8.76948 2.03472
95 6.56305 3.10083 3.08545
96 16.7787 17.2081 -0.427577
97 0.776695 6.06531 1.56065
98 6.53302 16.5574 -1.20637
99 19.305 9.1453 2.52356
