100
Particles
0 15.9309 3.6687 0.959775
1 11.937 8.91666 -1.65236
2 9.18498 6.67417 -2.33468
3 13.0178 1.12823 1.13616
4 18.7711 0.0155753 -1.00262
5 12.3496 12.2331 2.07836
6 0.461249 10.4955 1.09294
7 0.933313 19.4751 -2.51558
8 1.81213 12.3677 -1.58002
9 19.6646 9.33526 1.43183
10 13.6062 9.00999 2.03104
11 18.844 11.2658 -0.173348
12 0.319325 4.61788 -1.39301
13 13.6653 12.1999 2.26792
14 3.46729 7.82121 -0.943266
15 15.1072 8.50312 -2.26797
16 11.354 0.626266 3.13125
17 8.99508 7.903 -3.10243
18 14.5454 6.53082 -0.370923
19 10.4167 19.2234 1.56837
20 14.9464 10.7938 -0.211057
21 19.3051 12.1407 -0.858854
22 5.92547 3.30534 1.79689
23 8.46803 7.89763 -1.10081
24 0.281596 3.97685 -1.89692
25 15.8035 12.1192 -3.30461
26 13.0215 18.2992 2.5382
27 8.98901 1.9082 -2.48314
28 13.3768 13.3184 -0.523866
29 5.49444 11.2249 2.52489
30 19.4342 16.9783 0.884525
31 4.7197 5.12137 -2.13469
32 14.2133 2.21782 -0.17772
33 4.03438 17.9153 -0.869192
34 11.2655 13.9103 2.00752
35 12.0883 10.7968 -2.01391
36 18.8571 11.9773 1.70832
37 17.6094 12.4871 -0.591136
38 2.10989 9.13069 -0.738237
39 8.3302 17.6656 -1.44983
40 2.44176 7.12596 -2.21147
41 5.44264 12.9538 -0.874321
42 7.05138 6.09563 -1.84585
43 10.6818 9.6966 0.894772
44 5.38825 4.88251 0.00518808
45 4.37528 11.162 -0.493536
46 1.29784 5.07831 -1.9425
47 13.9261 14.2454 -1.33603
48 19.9548 5.33562 1.04918
49 8.22074 0.661015 -0.921911
50 12.687 13.6141 -0.536439
51 8.95566 11.0579 1.81081
52 1.61707 7.39309 -2.56303
53 16.0628 9.40601 1.56076
54 7.97649 16.3286 1.13543
55 3.01435 10.164 0.708844
56 17.1672 6.51918 -0.670726
57 14.223 16.19 2.17302
58 1.92353 18.8105 1.32471
59 10.355 16.7542 1.74508
60 14.7043 4.18143 0.938126
61 13.9157 4.571 -2.36137
62 19.6434 10.3327 -0.378634
63 19.9251 19.3084 1.65899
64 17.6527 3.77414 -1.42529
65 14.0072 16.9332 2.64449
66 8.09016 17.7554 -2.53528
67 18.7127 15.7068 0.663436
68 11.6137 7.44566 2.01404
69 19.4733 5.67842 -2.99683
70 9.71227 8.96848 -2.46883
71 3.5185 0.361507 -1.43975
72 3.57645 7.32938 2.07503
73 14.4188 6.16122 -0.0434144
74 10.1763 12.7267 -2.09959
75 11.7974 19.5779 1.6533
76 18.122 8.68789 -1.30503
77 12.9021 13.3785 0.512039
78 4.60371 9.98387 -0.693395
79 15.3711 0.872076 2.02125
80 9.39889 5.59121 0.84851
81 14.9544 19.0614 1.3712
82 11.0553 11.4458 -2.39009
83 1.50693 6.11394 -3.40611
84 5.3695 9.7056 -0.398169
85 7.89383 16.8843 -2.6846
86 1.40832 4.17837 -0.197248
87 7.17294 5.08327 -1.75514
88 6.45102 16.9734 -2.84682
89 14.1782 11.0564 -0.428431
90 8.39562 5.12414 0.26343
91 1.63188 0.103697 0.586862
92 3.88548 1.41882 -1.98042
93 1.01537 17.7323 -1.42826
94 11.5773 8.76948 1.80256
95 6.56305 3.10083 3.04809
96 16.7787 17.2081 -0.542367
97 0.776695 6.06531 1.81949
98 6.53302 16.5574 -1.48225
99 19.305 9.1453 2.64546
