100
Particles
0 15.9309 3.6687 0.956526
1 11.937 8.91666 -1.56172
2 9.18498 6.67417 -2.20237
3 13.0178 1.12823 1.28177
4 18.7711 0.0155753 -0.997734
5 12.3496 12.2331 1.59736
6 0.461249 10.4955 1.07812
7 0.933313 19.4751 -2.67502
8 1.81213 12.3677 -2.11148
9 19.6646 9.33526 1.65916
10 13.6062 9.00999 2.00851
11 18.844 11.2658 -0.61421
12 0.319325 4.61788 -1.06201
13 13.6653 12.1999 1.91861
14 3.46729 7.82121 -1.11584
15 15.1072 8.50312 -2.4318
16 11.354 0.626266 -3.03381
17 8.99508 7.903 3.30751
18 14.5454 6.53082 -0.141062
19 10.4167 19.2234 1.5098
20 14.9464 10.7938 -0.297895
21 19.3051 12.1407 -0.715663
22 5.92547 3.30534 1.62377
23 8.46803 7.89763 -0.685037
24 0.281596 3.97685 -1.93474
25 15.8035 12.1192 2.56987
26 13.0215 18.2992 2.49114
27 8.98901 1.9082 -2.76041
28 13.3768 13.3184 -0.895711
29 5.49444 11.2249 2.2027
30 19.4342 16.9783 0.793027
31 4.7197 5.12137 -2.40998
32 14.2133 2.21782 -0.528865
33 4.03438 17.9153 -0.844399
34 11.2655 13.9103 1.80264
35 12.0883 10.7968 -2.17098
36 18.8571 11.9773 1.75052
37 17.6094 12.4871 -0.515172
38 2.10989 9.13069 -0.364813
39 8.3302 17.6656 -1.41081
40 2.44176 7.12596 -1.89849
41 5.44264 12.9538 -0.634164
42 7.05138 6.09563 -1.84512
43 10.6818 9.6966 0.868518
44 5.38825 4.88251 -0.191598
45 4.37528 11.162 -0.471992
46 1.29784 5.07831 -1.63559
47 13.9261 14.2454 -1.36923
48 19.9548 5.33562 0.798283
49 8.22074 0.661015 -0.842946
50 12.687 13.6141 -0.352811
51 8.95566 11.0579 1.66951
52 1.61707 7.39309 -2.69173
53 16.0628 9.40601 1.47098
54 7.97649 16.3286 1.53018
55 3.01435 10.164 1.06231
56 17.1672 6.51918 -0.386646
57 14.223 16.19 1.80905
58 1.92353 18.8105 1.52185
59 10.355 16.7542 1.44114
60 14.7043 4.18143 0.693162
61 13.9157 4.571 -2.09021
62 19.6434 10.3327 -0.18952
63 19.9251 19.3084 1.65246
64 17.6527 3.77414 -1.38037
65 14.0072 16.9332 2.26948
66 8.09016 17.7554 -2.30154
67 18.7127 15.7068 0.493949
68 11.6137 7.44566 2.09675
69 19.4733 5.67842 -3.27439
70 9.71227 8.96848 -2.68195
71 3.5185 0.361507 -1.40772
72 3.57645 7.32938 1.85656
73 14.4188 6.16122 -0.157444
74 10.1763 12.7267 -2.09545
75 11.7974 19.5779 1.65494
76 18.122 8.68789 -1.32377
77 12.9021 13.3785 0.930658
78 4.60371 9.98387 -1.12266
79 15.3711 0.872076 2.07222
80 9.39889 5.59121 0.850756
81 14.9544 19.0614 1.84229
82 11.0553 11.4458 -2.84018
83 1.50693 6.11394 2.95843
84 5.3695 9.7056 -0.453972
85 7.89383 16.8843 -2.65322
86 1.40832 4.17837 -0.138203
87 7.17294 5.08327 -1.63782
88 6.45102 16.9734 -3.17081
89 14.1782 11.0564 -0.499018
90 8.39562 5.12414 0.422819
91 1.63188 0.103697 0.29693
92 3.88548 1.41882 -2.41102
93 1.01537 17.7323 -1.63612
94 11.5773 8.76948 1.39198
95 6.56305 3.10083 2.89601
96 16.7787 17.2081 -0.659145
97 0.776695 6.06531 1.23512
98 6.53302 16.5574 -1.53241
99 19.305 9.1453 2.89397
