100
Particles
0 15.9309 3.6687 0.925905
1 11.937 8.91666 -1.32977
2 9.18498 6.67417 -2.18349
3 13.0178 1.12823 1.26165
4 18.7711 0.0155753 -1.05384
5 12.3496 12.2331 1.79693
6 0.461249 10.4955 1.32634
7 0.933313 19.4751 -2.45307
8 1.81213 12.3677 -2.00243
9 19.6646 9.33526 1.43131
10 13.6062 9.00999 1.86832
11 18.844 11.2658 -0.899427
12 0.319325 4.61788 -0.791319
13 13.6653 12.1999 2.01964
14 3.46729 7.82121 -0.961043
15 15.1072 8.50312 -2.55019
16 11.354 0.626266 -2.81663
17 8.99508 7.903 -3.12672
18 14.5454 6.53082 -0.454188
19 10.4167 19.2234 1.43215
20 14.9464 10.7938 -0.253435
21 19.3051 12.1407 -0.729043
22 5.92547 3.30534 1.85127
23 8.46803 7.89763 -0.932968
24 0.281596 3.97685 -1.90092
25 15.8035 12.1192 2.57802
26 13.0215 18.2992 2.35378
27 8.98901 1.9082 -2.55795
28 13.3768 13.3184 -0.736841
29 5.49444 11.2249 2.34901
30 19.4342 16.9783 1.0294
31 4.7197 5.12137 -2.27
32 14.2133 2.21782 -0.697354
33 4.03438 17.9153 -0.71524
34 11.2655 13.9103 1.68181
35 12.0883 10.7968 -2.33297
36 18.8571 11.9773 1.48223
37 17.6094 12.4871 -0.361844
38 2.10989 9.13069 -0.232237
39 8.3302 17.6656 -1.57762
40 2.44176 7.12596 -1.7418
41 5.44264 12.9538 -0.371627
42 7.05138 6.09563 -2.0914
43 10.6818 9.6966 0.700528
44 5.38825 4.88251 -0.0343545
45 4.37528 11.162 -0.613674
46 1.29784 5.07831 -1.55727
47 13.9261 14.2454 -1.6324
48 19.9548 5.33562 0.768251
49 8.22074 0.661015 -0.69272
50 12.687 13.6141 -0.235621
51 8.95566 11.0579 1.86747
52 1.61707 7.39309 -2.45457
53 16.0628 9.40601 1.64262
54 7.97649 16.3286 1.63799
55 3.01435 10.164 0.768082
56 17.1672 6.51918 -0.364676
57 14.223 16.19 1.51858
58 1.92353 18.8105 1.71541
59 10.355 16.7542 1.3285
60 14.7043 4.18143 0.732388
61 13.9157 4.571 -2.22879
62 19.6434 10.3327 -0.0120198
63 19.9251 19.3084 1.8953
64 17.6527 3.77414 -1.44406
65 14.0072 16.9332 2.49751
66 8.09016 17.7554 -2.44789
67 18.7127 15.7068 0.515727
68 11.6137 7.44566 2.32217
69 19.4733 5.67842 2.89939
70 9.71227 8.96848 -2.39667
71 3.5185 0.361507 -1.6453
72 3.57645 7.32938 1.55388
73 14.4188 6.16122 0.0964814
74 10.1763 12.7267 -2.36648
75 11.7974 19.5779 1.964
76 18.122 8.68789 -1.04015
77 12.9021 13.3785 0.702591
78 4.60371 9.98387 -1.09905
79 15.3711 0.872076 1.87425
80 9.39889 5.59121 0.805615
81 14.9544 19.0614 1.56673
82 11.0553 11.4458 -3.01365
83 1.50693 6.11394 2.87252
84 5.3695 9.7056 -0.492521
85 7.89383 16.8843 -2.3532
86 1.40832 4.17837 0.0552344
87 7.17294 5.08327 -1.48865
88 6.45102 16.9734 3.13565
89 14.1782 11.0564 -0.285391
90 8.39562 5.12414 0.321862
91 1.63188 0.103697 0.428185
92 3.88548 1.41882 -2.10076
93 1.01537 17.7323 -1.75259
94 11.5773 8.76948 1.50132
95 6.56305 3.10083 3.11235
96 16.7787 17.2081 -0.397885
97 0.776695 6.06531 1.37205
98 6.53302 16.5574 -1.66837
99 19.305 9.1453 2.78482
