100
Particles
0 15.9309 3.6687 0.624789
1 11.937 8.91666 -1.16585
2 9.18498 6.67417 -2.47079
3 13.0178 1.12823 1.49077
4 18.7711 0.0155753 -1.29344
5 12.3496 12.2331 1.59077
6 0.461249 10.4955 1.31159
7 0.933313 19.4751 -2.30361
8 1.81213 12.3677 -2.22926
9 19.6646 9.33526 1.39366
10 13.6062 9.00999 1.85754
11 18.844 11.2658 -1.0802
12 0.319325 4.61788 -1.03287
13 13.6653 12.1999 2.23102
14 3.46729 7.82121 -0.959494
15 15.1072 8.50312 -2.85531
16 11.354 0.626266 -2.62626
17 8.99508 7.903 -2.82463
18 14.5454 6.53082 -0.387633
19 10.4167 19.2234 1.43448
20 14.9464 10.7938 -0.0156688
21 19.3051 12.1407 -0.444718
22 5.92547 3.30534 2.0112
23 8.46803 7.89763 -0.967241
24 0.281596 3.97685 -1.84298
25 15.8035 12.1192 2.70428
26 13.0215 18.2992 2.16169
27 8.98901 1.9082 -2.59112
28 13.3768 13.3184 -0.529608
29 5.49444 11.2249 2.44623
30 19.4342 16.9783 0.973604
31 4.7197 5.12137 -2.16735
32 14.2133 2.21782 -0.937232
33 4.03438 17.9153 -0.777131
34 11.2655 13.9103 1.86599
35 12.0883 10.7968 -2.50858
36 18.8571 11.9773 1.28492
37 17.6094 12.4871 -0.0785867
38 2.10989 9.13069 -0.414514
39 8.3302 17.6656 -1.72784
40 2.44176 7.12596 -1.44674
41 5.44264 12.9538 -0.224155
42 7.05138 6.09563 -1.96599
43 10.6818 9.6966 0.922279
44 5.38825 4.88251 -0.27574
45 4.37528 11.162 -0.484267
46 1.29784 5.07831 -1.55495
47 13.9261 14.2454 -1.42559
48 19.9548 5.33562 0.773366
49 8.22074 0.661015 -0.61717
50 12.687 13.6141 -0.249606
51 8.95566 11.0579 1.85375
52 1.61707 7.39309 -2.2862
53 16.0628 9.40601 1.72341
54 7.97649 16.3286 1.72172
55 3.01435 10.164 0.736844
56 17.1672 6.51918 -0.34513
57 14.223 16.19 1.67297
58 1.92353 18.8105 1.92021
59 10.355 16.7542 1.452
60 14.7043 4.18143 0.99884
61 13.9157 4.571 -2.02753
62 19.6434 10.3327 0.0268504
63 19.9251 19.3084 2.003
64 17.6527 3.77414 -1.1762
65 14.0072 16.9332 2.57238
66 8.09016 17.7554 -2.24381
67 18.7127 15.7068 0.63436
68 11.6137 7.44566 2.3548
69 19.4733 5.67842 2.73719
70 9.71227 8.96848 -2.44316
71 3.5185 0.361507 -1.35141
72 3.57645 7.32938 1.65301
73 14.4188 6.16122 0.136942
74 10.1763 12.7267 -2.09444
75 11.7974 19.5779 2.01836
76 18.122 8.68789 -1.02376
77 12.9021 13.3785 0.865521
78 4.60371 9.98387 -0.965427
79 15.3711 0.872076 1.68146
80 9.39889 5.59121 0.787587
81 14.9544 19.0614 1.54946
82 11.0553 11.4458 -3.09016
83 1.50693 6.11394 2.88339
84 5.3695 9.7056 -0.547117
85 7.89383 16.8843 -2.54211
86 1.40832 4.17837 0.000172688
87 7.17294 5.08327 -1.75739
88 6.45102 16.9734 3.18326
89 14.1782 11.0564 -0.063183
90 8.39562 5.12414 0.463414
91 1.63188 0.103697 0.340468
92 3.88548 1.41882 -2.36021
93 1.01537 17.7323 -1.93974
94 11.5773 8.76948 1.5299
95 6.56305 3.10083 2.92829
96 16.7787 17.2081 -0.370256
97 0.776695 6.06531 1.20341
98 6.53302 16.5574 -1.44914
99 19.305 9.1453 2.72028
