100
Particles
0 15.9309 3.6687 0.499784
1 11.937 8.91666 -0.916877
2 9.18498 6.67417 -2.75364
3 13.0178 1.12823 1.46746
4 18.7711 0.0155753 -1.51041
5 12.3496 12.2331 1.5516
6 0.461249 10.4955 1.55983
7 0.933313 19.4751 -2.60876
8 1.81213 12.3677 -2.0587
9 19.6646 9.33526 1.40763
10 13.6062 9.00999 1.77585
11 18.844 11.2658 -1.08289
12 0.319325 4.61788 -1.11492
13 13.6653 12.1999 1.97211
14 3.46729 7.82121 -0.885698
15 15.1072 8.50312 -2.88718
16 11.354 0.626266 -2.16962
17 8.99508 7.903 -2.9382
18 14.5454 6.53082 -0.430086
19 10.4167 19.2234 1.58575
20 14.9464 10.7938 -0.0851635
21 19.3051 12.1407 -0.542707
22 5.92547 3.30534 1.85457
23 8.46803 7.89763 -1.27706
24 0.281596 3.97685 -2.09939
25 15.8035 12.1192 2.54644
26 13.0215 18.2992 2.59791
27 8.98901 1.9082 -3.10101
28 13.3768 13.3184 -0.354134
29 5.49444 11.2249 2.76227
30 19.4342 16.9783 0.81277
31 4.7197 5.12137 -2.36744
32 14.2133 2.21782 -0.934735
33 4.03438 17.9153 -0.841368
34 11.2655 13.9103 2.2612
35 12.0883 10.7968 -2.22464
36 18.8571 11.9773 1.21073
37 17.6094 12.4871 -0.35821
38 2.10989 9.13069 -0.770389
39 8.3302 17.6656 -1.44746
40 2.44176 7.12596 -1.45925
41 5.44264 12.9538 -0.122793
42 7.05138 6.09563 -1.66881
43 10.6818 9.6966 0.806699
44 5.38825 4.88251 -0.36986
45 4.37528 11.162 -0.643163
46 1.29784 5.07831 -1.66539
47 13.9261 14.2454 -1.94242
48 19.9548 5.33562 1.07046
49 8.22074 0.661015 -0.454371
50 12.687 13.6141 -0.703565
51 8.95566 11.0579 1.75129
52 1.61707 7.39309 -2.42881
53 16.0628 9.40601 1.78002
54 7.97649 16.3286 1.92291
55 3.01435 10.164 0.968793
56 17.1672 6.51918 -0.1658
57 14.223 16.19 1.5464
58 1.92353 18.8105 1.47337
59 10.355 16.7542 1.45593
60 14.7043 4.18143 0.988956
61 13.9157 4.571 -2.17043
62 19.6434 10.3327 -0.129247
63 19.9251 19.3084 2.13928
64 17.6527 3.77414 -1.19592
65 14.0072 16.9332 2.47647
66 8.09016 17.7554 -2.08799
67 18.7127 15.7068 0.417016
68 11.6137 7.44566 2.26386
69 19.4733 5.67842 2.68892
70 9.71227 8.96848 -2.42733
71 3.5185 0.361507 -1.43922
72 3.57645 7.32938 1.83588
73 14.4188 6.16122 0.148214
74 10.1763 12.7267 -2.191
75 11.7974 19.5779 1.88787
76 18.122 8.68789 -1.09518
77 12.9021 13.3785 0.569688
78 4.60371 9.98387 -1.08789
79 15.3711 0.872076 1.74939
80 9.39889 5.59121 0.655941
81 14.9544 19.0614 1.69609
82 11.0553 11.4458 2.72342
83 1.50693 6.11394 2.87932
84 5.3695 9.7056 -0.116756
85 7.89383 16.8843 -2.34312
86 1.40832 4.17837 0.297709
87 7.17294 5.08327 -1.65239
88 6.45102 16.9734 -2.69309
89 14.1782 11.0564 -0.175905
90 8.39562 5.12414 0.296512
91 1.63188 0.103697 0.541283
92 3.88548 1.41882 -2.21271
93 1.01537 17.7323 -1.91161
94 11.5773 8.76948 1.60668
95 6.56305 3.10083 2.52557
96 16.7787 17.2081 -0.406278
97 0.776695 6.06531 1.20806
98 6.53302 16.5574 -1.48524
99 19.305 9.1453 2.75329
