100
Particles
0 15.9309 3.6687 0.403146
1 11.937 8.91666 -0.82025
2 9.18498 6.67417 -2.84776
3 13.0178 1.12823 1.54111
4 18.7711 0.0155753 -1.26863
5 12.3496 12.2331 1.3828
6 0.461249 10.4955 1.49966
7 0.933313 19.4751 -2.29883
8 1.81213 12.3677 -1.82713
9 19.6646 9.33526 1.44824
10 13.6062 9.00999 1.78629
11 18.844 11.2658 -1.21823
12 0.319325 4.61788 -1.10411
13 13.6653 12.1999 2.19088
14 3.46729 7.82121 -0.769349
15 15.1072 8.50312 -3.0191
16 11.354 0.626266 -2.35719
17 8.99508 7.903 -3.08573
18 14.5454 6.53082 -0.637582
19 10.4167 19.2234 1.33168
20 14.9464 10.7938 -0.135972
21 19.3051 12.1407 -0.785678
22 5.92547 3.30534 1.64842
23 8.46803 7.89763 -1.24732
24 0.281596 3.97685 -2.31012
25 15.8035 12.1192 2.27242
26 13.0215 18.2992 2.48317
27 8.98901 1.9082 -3.27674
28 13.3768 13.3184 -0.344518
29 5.49444 11.2249 2.51243
30 19.4342 16.9783 0.970962
31 4.7197 5.12137 -2.1122
32 14.2133 2.21782 -0.78178
33 4.03438 17.9153 -0.820742
34 11.2655 13.9103 2.48782
35 12.0883 10.7968 -2.10216
36 18.8571 11.9773 0.903195
37 17.6094 12.4871 -0.424755
38 2.10989 9.13069 -0.549879
39 8.3302 17.6656 -1.54431
40 2.44176 7.12596 -1.75128
41 5.44264 12.9538 0.0318865
42 7.05138 6.09563 -1.47903
43 10.6818 9.6966 0.593444
44 5.38825 4.88251 -0.346398
45 4.37528 11.162 -0.836713
46 1.29784 5.07831 -1.52764
47 13.9261 14.2454 -2.08596
48 19.9548 5.33562 0.954983
49 8.22074 0.661015 -0.237619
50 12.687 13.6141 -0.718442
51 8.95566 11.0579 1.85795
52 1.61707 7.39309 -2.49015
53 16.0628 9.40601 1.65311
54 7.97649 16.3286 2.00175
55 3.01435 10.164 0.751933
56 17.1672 6.51918 -0.245597
57 14.223 16.19 1.36358
58 1.92353 18.8105 1.5964
59 10.355 16.7542 1.73503
60 14.7043 4.18143 1.30029
61 13.9157 4.571 -2.20167
62 19.6434 10.3327 -0.284736
63 19.9251 19.3084 2.10336
64 17.6527 3.77414 -0.977722
65 14.0072 16.9332 2.29175
66 8.09016 17.7554 -1.80393
67 18.7127 15.7068 0.317658
68 11.6137 7.44566 2.5691
69 19.4733 5.67842 2.90168
70 9.71227 8.96848 -2.23344
71 3.5185 0.361507 -1.55363
72 3.57645 7.32938 1.52723
73 14.4188 6.16122 0.0741557
74 10.1763 12.7267 -2.31552
75 11.7974 19.5779 1.59721
76 18.122 8.68789 -1.09181
77 12.9021 13.3785 0.508761
78 4.60371 9.98387 -1.00335
79 15.3711 0.872076 1.82553
80 9.39889 5.59121 0.417649
81 14.9544 19.0614 1.99577
82 11.0553 11.4458 2.52672
83 1.50693 6.11394 2.84493
84 5.3695 9.7056 -0.124222
85 7.89383 16.8843 -2.14641
86 1.40832 4.17837 0.0458976
87 7.17294 5.08327 -1.69722
88 6.45102 16.9734 -2.61235
89 14.1782 11.0564 -0.354878
90 8.39562 5.12414 0.376602
91 1.63188 0.103697 0.80748
92 3.88548 1.41882 -1.90011
93 1.01537 17.7323 -2.20538
94 11.5773 8.76948 1.44054
95 6.56305 3.10083 2.40638
96 16.7787 17.2081 -0.469659
97 0.776695 6.06531 1.04611
98 6.53302 16.5574 -1.67155
99 19.305 9.1453 3.03889
