100
Particles
0 15.9309 3.6687 1.57736
1 11.937 8.91666 -2.84783
2 9.18498 6.67417 -2.68565
3 13.0178 1.12823 0.679836
4 18.7711 0.0155753 2.37931
5 12.3496 12.2331 3.35156
6 0.461249 10.4955 -0.586816
7 0.933313 19.4751 -2.14756
8 1.81213 12.3677 -1.41095
9 19.6646 9.33526 2.25813
10 13.6062 9.00999 2.6915
11 18.844 11.2658 -0.295901
12 0.319325 4.61788 -1.77573
13 13.6653 12.1999 0.994945
14 3.46729 7.82121 -2.21845
15 15.1072 8.50312 -1.96405
16 11.354 0.626266 2.53103
17 8.99508 7.903 2.93341
18 14.5454 6.53082 0.666613
19 10.4167 19.2234 2.54415
20 14.9464 10.7938 0.0479863
21 19.3051 12.1407 -0.364766
22 5.92547 3.30534 -2.69537
23 8.46803 7.89763 -1.14191
24 0.281596 3.97685 1.31882
25 15.8035 12.1192 2.88004
26 13.0215 18.2992 1.93754
27 8.98901 1.9082 -1.00354
28 13.3768 13.3184 1.05853
29 5.49444 11.2249 -1.18331
30 19.4342 16.9783 1.83294
31 4.7197 5.12137 -2.41409
32 14.2133 2.21782 -0.361431
33 4.03438 17.9153 -0.409038
34 11.2655 13.9103 -2.72645
35 12.0883 10.7968 -1.77422
36 18.8571 11.9773 1.00121
37 17.6094 12.4871 -1.85107
38 2.10989 9.13069 -1.87579
39 8.3302 17.6656 -1.28235
40 2.44176 7.12596 2.57534
41 5.44264 12.9538 -2.69252
42 7.05138 6.09563 -1.56734
43 10.6818 9.6966 0.252512
44 5.38825 4.88251 -1.63145
45 4.37528 11.162 -0.578045
46 1.29784 5.07831 -2.39752
47 13.9261 14.2454 -2.60249
48 19.9548 5.33562 -2.92483
49 8.22074 0.661015 -1.22487
50 12.687 13.6141 0.544514
51 8.95566 11.0579 1.20367
52 1.61707 7.39309 -1.83108
53 16.0628 9.40601 -3.01353
54 7.97649 16.3286 2.2957
55 3.01435 10.164 1.20711
56 17.1672 6.51918 -1.0628
57 14.223 16.19 -0.263007
58 1.92353 18.8105 -0.254133
59 10.355 16.7542 1.83646
60 14.7043 4.18143 0.474581
61 13.9157 4.571 -1.19018
62 19.6434 10.3327 -1.70987
63 19.9251 19.3084 0.0905245
64 17.6527 3.77414 -0.899578
65 14.0072 16.9332 1.8455
66 8.09016 17.7554 2.05784
67 18.7127 15.7068 0.246856
68 11.6137 7.44566 3.17997
69 19.4733 5.67842 -1.52902
70 9.71227 8.96848 -2.73522
71 3.5185 0.361507 -0.402118
72 3.57645 7.32938 1.04712
73 14.4188 6.16122 1.20585
74 10.1763 12.7267 -0.672926
75 11.7974 19.5779 0.272647
76 18.122 8.68789 -0.543636
77 12.9021 13.3785 2.02824
78 4.60371 9.98387 -0.435951
79 15.3711 0.872076 2.91399
80 9.39889 5.59121 2.39453
81 14.9544 19.0614 -0.311413
82 11.0553 11.4458 2.9754
83 1.50693 6.11394 -1.54699
84 5.3695 9.7056 -0.290199
85 7.89383 16.8843 2.86598
86 1.40832 4.17837 1.59387
87 7.17294 5.08327 -1.59443
88 6.45102 16.9734 -1.69104
89 14.1782 11.0564 -0.799739
90 8.39562 5.12414 -0.0603013
91 1.63188 0.103697 0.750736
92 3.88548 1.41882 -0.416476
93 1.01537 17.7323 -2.52567
94 11.5773 8.76948 1.12714
95 6.56305 3.10083 2.39361
96 16.7787 17.2081 -1.47252
97 0.776695 6.06531 0.596822
98 6.53302 16.5574 -1.69127
99 19.305 9.1453 2.05381
