100
Particles
0 15.9309 3.6687 0.422282
1 11.937 8.91666 -1.03608
2 9.18498 6.67417 -2.90604
3 13.0178 1.12823 1.66498
4 18.7711 0.0155753 -1.12682
5 12.3496 12.2331 1.30725
6 0.461249 10.4955 1.59393
7 0.933313 19.4751 -1.8217
8 1.81213 12.3677 -1.4966
9 19.6646 9.33526 1.46708
10 13.6062 9.00999 2.16263
11 18.844 11.2658 -1.63843
12 0.319325 4.61788 -0.774832
13 13.6653 12.1999 1.90169
14 3.46729 7.82121 -0.970003
15 15.1072 8.50312 3.34764
16 11.354 0.626266 -2.63716
17 8.99508 7.903 -2.83656
18 14.5454 6.53082 -0.917363
19 10.4167 19.2234 1.48335
20 14.9464 10.7938 -0.0147065
21 19.3051 12.1407 -0.551476
22 5.92547 3.30534 1.46361
23 8.46803 7.89763 -0.760665
24 0.281596 3.97685 -2.14812
25 15.8035 12.1192 2.28798
26 13.0215 18.2992 2.73704
27 8.98901 1.9082 2.61338
28 13.3768 13.3184 -0.719721
29 5.49444 11.2249 2.43074
30 19.4342 16.9783 0.463812
31 4.7197 5.12137 -2.0167
32 14.2133 2.21782 -0.745637
33 4.03438 17.9153 -0.840035
34 11.2655 13.9103 2.6932
35 12.0883 10.7968 -2.48558
36 18.8571 11.9773 0.994042
37 17.6094 12.4871 -0.234921
38 2.10989 9.13069 -0.313916
39 8.3302 17.6656 -1.38826
40 2.44176 7.12596 -1.62927
41 5.44264 12.9538 0.300189
42 7.05138 6.09563 -1.4306
43 10.6818 9.6966 0.783253
44 5.38825 4.88251 -0.142599
45 4.37528 11.162 -0.999194
46 1.29784 5.07831 -1.54165
47 13.9261 14.2454 -1.69186
48 19.9548 5.33562 0.982406
49 8.22074 0.661015 -0.433274
50 12.687 13.6141 -0.326305
51 8.95566 11.0579 2.26319
52 1.61707 7.39309 -2.4271
53 16.0628 9.40601 2.20566
54 7.97649 16.3286 1.70257
55 3.01435 10.164 0.228455
56 17.1672 6.51918 -0.773611
57 14.223 16.19 1.22825
58 1.92353 18.8105 2.04817
59 10.355 16.7542 1.2825
60 14.7043 4.18143 0.942224
61 13.9157 4.571 -2.72571
62 19.6434 10.3327 -0.210516
63 19.9251 19.3084 1.72759
64 17.6527 3.77414 -0.933928
65 14.0072 16.9332 2.06309
66 8.09016 17.7554 -1.36958
67 18.7127 15.7068 0.611726
68 11.6137 7.44566 2.33582
69 19.4733 5.67842 2.94654
70 9.71227 8.96848 -2.52113
71 3.5185 0.361507 -1.58189
72 3.57645 7.32938 1.53078
73 14.4188 6.16122 -0.216599
74 10.1763 12.7267 -2.61497
75 11.7974 19.5779 1.51675
76 18.122 8.68789 -1.27161
77 12.9021 13.3785 0.839279
78 4.60371 9.98387 -1.50937
79 15.3711 0.872076 1.9558
80 9.39889 5.59121 0.144474
81 14.9544 19.0614 1.49062
82 11.0553 11.4458 2.29778
83 1.50693 6.11394 2.49107
84 5.3695 9.7056 -0.209204
85 7.89383 16.8843 -1.80058
86 1.40832 4.17837 -0.204703
87 7.17294 5.08327 -1.80303
88 6.45102 16.9734 -2.22546
89 14.1782 11.0564 -0.0354211
90 8.39562 5.12414 0.382895
91 1.63188 0.103697 0.511745
92 3.88548 1.41882 -1.91715
93 1.01537 17.7323 -2.40679
94 11.5773 8.76948 1.17512
95 6.56305 3.10083 2.12101
96 16.7787 17.2081 -0.345056
97 0.776695 6.06531 1.07016
98 6.53302 16.5574 -1.66625
99 19.305 9.1453 2.84182
