100
Particles
0 15.9309 3.6687 0.484861
1 11.937 8.91666 -1.00444
2 9.18498 6.67417 -2.89727
3 13.0178 1.12823 1.78443
4 18.7711 0.0155753 -0.914794
5 12.3496 12.2331 1.19603
6 0.461249 10.4955 1.83836
7 0.933313 19.4751 -2.03493
8 1.81213 12.3677 -1.70204
9 19.6646 9.33526 1.32054
10 13.6062 9.00999 1.92357
11 18.844 11.2658 -1.80788
12 0.319325 4.61788 -1.02213
13 13.6653 12.1999 2.10385
14 3.46729 7.82121 -1.19685
15 15.1072 8.50312 -2.78016
16 11.354 0.626266 -2.92122
17 8.99508 7.903 -2.55475
18 14.5454 6.53082 -0.784687
19 10.4167 19.2234 1.17346
20 14.9464 10.7938 0.151079
21 19.3051 12.1407 -0.542628
22 5.92547 3.30534 1.63914
23 8.46803 7.89763 -0.74653
24 0.281596 3.97685 -2.05951
25 15.8035 12.1192 2.46789
26 13.0215 18.2992 2.67742
27 8.98901 1.9082 2.30092
28 13.3768 13.3184 -0.499843
29 5.49444 11.2249 2.3559
30 19.4342 16.9783 0.461326
31 4.7197 5.12137 -2.32598
32 14.2133 2.21782 -0.750606
33 4.03438 17.9153 -0.534366
34 11.2655 13.9103 2.55389
35 12.0883 10.7968 -2.55129
36 18.8571 11.9773 1.11166
37 17.6094 12.4871 -0.0371299
38 2.10989 9.13069 -0.365821
39 8.3302 17.6656 -1.50785
40 2.44176 7.12596 -1.35417
41 5.44264 12.9538 0.411493
42 7.05138 6.09563 -1.66998
43 10.6818 9.6966 0.512403
44 5.38825 4.88251 -0.152935
45 4.37528 11.162 -1.17507
46 1.29784 5.07831 -1.69622
47 13.9261 14.2454 -1.45455
48 19.9548 5.33562 0.724522
49 8.22074 0.661015 -0.297957
50 12.687 13.6141 -0.470101
51 8.95566 11.0579 2.42676
52 1.61707 7.39309 -2.28735
53 16.0628 9.40601 1.89615
54 7.97649 16.3286 1.70831
55 3.01435 10.164 0.00183242
56 17.1672 6.51918 -0.543504
57 14.223 16.19 1.46172
58 1.92353 18.8105 1.99687
59 10.355 16.7542 1.24756
60 14.7043 4.18143 0.818623
61 13.9157 4.571 -2.58961
62 19.6434 10.3327 -0.299322
63 19.9251 19.3084 1.58169
64 17.6527 3.77414 -0.976509
65 14.0072 16.9332 1.80642
66 8.09016 17.7554 -1.21463
67 18.7127 15.7068 0.305481
68 11.6137 7.44566 2.42661
69 19.4733 5.67842 2.74728
70 9.71227 8.96848 -2.68927
71 3.5185 0.361507 -1.49667
72 3.57645 7.32938 1.84051
73 14.4188 6.16122 -0.0421038
74 10.1763 12.7267 -2.78723
75 11.7974 19.5779 1.31319
76 18.122 8.68789 -1.0415
77 12.9021 13.3785 0.804208
78 4.60371 9.98387 -1.73742
79 15.3711 0.872076 2.18339
80 9.39889 5.59121 0.34308
81 14.9544 19.0614 1.79467
82 11.0553 11.4458 2.55523
83 1.50693 6.11394 2.71211
84 5.3695 9.7056 -0.49033
85 7.89383 16.8843 -2.04913
86 1.40832 4.17837 -0.16136
87 7.17294 5.08327 -1.78325
88 6.45102 16.9734 -2.25187
89 14.1782 11.0564 -0.10027
90 8.39562 5.12414 0.339674
91 1.63188 0.103697 0.555286
92 3.88548 1.41882 -2.23001
93 1.01537 17.7323 -2.55714
94 11.5773 8.76948 1.1866
95 6.56305 3.10083 2.26063
96 16.7787 17.2081 -0.54979
97 0.776695 6.06531 1.09962
98 6.53302 16.5574 -1.5315
99 19.305 9.1453 2.80703
