100
Particles
0 15.9309 3.6687 0.187718
1 11.937 8.91666 -1.03632
2 9.18498 6.67417 -3.02517
3 13.0178 1.12823 2.05439
4 18.7711 0.0155753 -1.15066
5 12.3496 12.2331 1.29183
6 0.461249 10.4955 1.55732
7 0.933313 19.4751 -2.06876
8 1.81213 12.3677 -1.66813
9 19.6646 9.33526 1.19359
10 13.6062 9.00999 1.89535
11 18.844 11.2658 -2.01928
12 0.319325 4.61788 -1.1452
13 13.6653 12.1999 2.17995
14 3.46729 7.82121 -1.32138
15 15.1072 8.50312 -2.52899
16 11.354 0.626266 -2.84054
17 8.99508 7.903 -2.5933
18 14.5454 6.53082 -1.07449
19 10.4167 19.2234 1.17318
20 14.9464 10.7938 0.317443
21 19.3051 12.1407 -0.689932
22 5.92547 3.30534 1.83189
23 8.46803 7.89763 -0.902474
24 0.281596 3.97685 -1.8561
25 15.8035 12.1192 2.20731
26 13.0215 18.2992 2.9075
27 8.98901 1.9082 2.30041
28 13.3768 13.3184 -0.627682
29 5.49444 11.2249 2.20832
30 19.4342 16.9783 0.418607
31 4.7197 5.12137 -2.01241
32 14.2133 2.21782 -0.926329
33 4.03438 17.9153 -0.783672
34 11.2655 13.9103 2.60732
35 12.0883 10.7968 -2.55849
36 18.8571 11.9773 1.12686
37 17.6094 12.4871 0.0677587
38 2.10989 9.13069 -0.512128
39 8.3302 17.6656 -1.24982
40 2.44176 7.12596 -1.39459
41 5.44264 12.9538 0.178441
42 7.05138 6.09563 -1.51774
43 10.6818 9.6966 0.602318
44 5.38825 4.88251 -0.268707
45 4.37528 11.162 -1.09871
46 1.29784 5.07831 -1.87224
47 13.9261 14.2454 -1.48921
48 19.9548 5.33562 0.975481
49 8.22074 0.661015 -0.528214
50 12.687 13.6141 -0.541291
51 8.95566 11.0579 2.62854
52 1.61707 7.39309 -1.99236
53 16.0628 9.40601 1.8672
54 7.97649 16.3286 1.71271
55 3.01435 10.164 0.0471794
56 17.1672 6.51918 -0.271851
57 14.223 16.19 1.68679
58 1.92353 18.8105 1.7899
59 10.355 16.7542 1.20782
60 14.7043 4.18143 0.796003
61 13.9157 4.571 -2.40797
62 19.6434 10.3327 -0.234672
63 19.9251 19.3084 1.67859
64 17.6527 3.77414 -0.66348
65 14.0072 16.9332 1.53935
66 8.09016 17.7554 -1.38867
67 18.7127 15.7068 0.24761
68 11.6137 7.44566 2.33096
69 19.4733 5.67842 2.44672
70 9.71227 8.96848 -2.94576
71 3.5185 0.361507 -1.38297
72 3.57645 7.32938 2.07885
73 14.4188 6.16122 -0.0331647
74 10.1763 12.7267 -2.76261
75 11.7974 19.5779 1.15931
76 18.122 8.68789 -0.873188
77 12.9021 13.3785 0.962415
78 4.60371 9.98387 -1.68189
79 15.3711 0.872076 2.00285
80 9.39889 5.59121 0.0898793
81 14.9544 19.0614 1.52087
82 11.0553 11.4458 2.61348
83 1.50693 6.11394 2.91633
84 5.3695 9.7056 -0.265184
85 7.89383 16.8843 -2.07199
86 1.40832 4.17837 0.0172529
87 7.17294 5.08327 -1.50247
88 6.45102 16.9734 -2.39314
89 14.1782 11.0564 -0.164384
90 8.39562 5.12414 0.61078
91 1.63188 0.103697 0.453643
92 3.88548 1.41882 -1.96996
93 1.01537 17.7323 -2.25489
94 11.5773 8.76948 1.28827
95 6.56305 3.10083 2.45974
96 16.7787 17.2081 -0.392996
97 0.776695 6.06531 1.22499
98 6.53302 16.5574 -1.65281
99 19.305 9.1453 2.52875
