100
Particles
0 15.9309 3.6687 0.089104
1 11.937 8.91666 -0.931429
2 9.18498 6.67417 -3.27491
3 13.0178 1.12823 1.74772
4 18.7711 0.0155753 -1.37704
5 12.3496 12.2331 1.42738
6 0.461249 10.4955 1.85439
7 0.933313 19.4751 -1.76524
8 1.81213 12.3677 -1.67191
9 19.6646 9.33526 1.42566
10 13.6062 9.00999 2.04415
11 18.844 11.2658 -2.01862
12 0.319325 4.61788 -1.09949
13 13.6653 12.1999 1.95201
14 3.46729 7.82121 -1.04639
15 15.1072 8.50312 -2.62203
16 11.354 0.626266 -2.87437
17 8.99508 7.903 -2.48544
18 14.5454 6.53082 -1.17886
19 10.4167 19.2234 1.01878
20 14.9464 10.7938 0.399784
21 19.3051 12.1407 -0.988393
22 5.92547 3.30534 1.97058
23 8.46803 7.89763 -0.893663
24 0.281596 3.97685 -1.78965
25 15.8035 12.1192 2.29017
26 13.0215 18.2992 2.92449
27 8.98901 1.9082 2.35227
28 13.3768 13.3184 -0.512204
29 5.49444 11.2249 2.36736
30 19.4342 16.9783 0.561519
31 4.7197 5.12137 -1.78018
32 14.2133 2.21782 -1.12146
33 4.03438 17.9153 -0.845783
34 11.2655 13.9103 2.88867
35 12.0883 10.7968 -2.62347
36 18.8571 11.9773 0.891158
37 17.6094 12.4871 0.0837464
38 2.10989 9.13069 -0.757492
39 8.3302 17.6656 -1.43653
40 2.44176 7.12596 -1.08149
41 5.44264 12.9538 0.20443
42 7.05138 6.09563 -1.65342
43 10.6818 9.6966 0.913194
44 5.38825 4.88251 0.0244405
45 4.37528 11.162 -1.13595
46 1.29784 5.07831 -2.02278
47 13.9261 14.2454 -1.27659
48 19.9548 5.33562 1.11096
49 8.22074 0.661015 -0.410755
50 12.687 13.6141 -0.294291
51 8.95566 11.0579 2.74756
52 1.61707 7.39309 -2.12821
53 16.0628 9.40601 1.98901
54 7.97649 16.3286 1.5907
55 3.01435 10.164 0.210064
56 17.1672 6.51918 -0.196612
57 14.223 16.19 1.42127
58 1.92353 18.8105 1.79797
59 10.355 16.7542 1.10937
60 14.7043 4.18143 0.688291
61 13.9157 4.571 -2.34372
62 19.6434 10.3327 -0.346309
63 19.9251 19.3084 1.85257
64 17.6527 3.77414 -0.93316
65 14.0072 16.9332 1.64013
66 8.09016 17.7554 -1.1944
67 18.7127 15.7068 0.356204
68 11.6137 7.44566 2.32922
69 19.4733 5.67842 2.72965
70 9.71227 8.96848 -3.07146
71 3.5185 0.361507 -1.68509
72 3.57645 7.32938 2.03611
73 14.4188 6.16122 -0.326582
74 10.1763 12.7267 -2.47739
75 11.7974 19.5779 0.977048
76 18.122 8.68789 -0.69165
77 12.9021 13.3785 1.13493
78 4.60371 9.98387 -1.85925
79 15.3711 0.872076 2.07902
80 9.39889 5.59121 -0.194071
81 14.9544 19.0614 1.51055
82 11.0553 11.4458 2.30852
83 1.50693 6.11394 3.18095
84 5.3695 9.7056 0.0339498
85 7.89383 16.8843 -2.24648
86 1.40832 4.17837 -0.166149
87 7.17294 5.08327 -1.34305
88 6.45102 16.9734 -2.54809
89 14.1782 11.0564 0.0838503
90 8.39562 5.12414 0.657231
91 1.63188 0.103697 0.359884
92 3.88548 1.41882 -1.76092
93 1.01537 17.7323 -2.25904
94 11.5773 8.76948 1.54691
95 6.56305 3.10083 2.72867
96 16.7787 17.2081 -0.603218
97 0.776695 6.06531 0.91229
98 6.53302 16.5574 -1.34875
99 19.305 9.1453 2.78393
