100
Particles
0 15.9309 3.6687 -0.190218
1 11.937 8.91666 -0.722177
2 9.18498 6.67417 2.98176
3 13.0178 1.12823 1.59627
4 18.7711 0.0155753 -1.13907
5 12.3496 12.2331 1.23679
6 0.461249 10.4955 2.13543
7 0.933313 19.4751 -1.9502
8 1.81213 12.3677 -1.60048
9 19.6646 9.33526 1.25167
10 13.6062 9.00999 2.07284
11 18.844 11.2658 -1.90303
12 0.319325 4.61788 -1.29412
13 13.6653 12.1999 1.96513
14 3.46729 7.82121 -1.06583
15 15.1072 8.50312 -2.89155
16 11.354 0.626266 -2.67437
17 8.99508 7.903 -2.58868
18 14.5454 6.53082 -1.132
19 10.4167 19.2234 1.02806
20 14.9464 10.7938 0.408116
21 19.3051 12.1407 -1.23518
22 5.92547 3.30534 1.9225
23 8.46803 7.89763 -0.923592
24 0.281596 3.97685 -1.64285
25 15.8035 12.1192 2.50381
26 13.0215 18.2992 2.95276
27 8.98901 1.9082 2.09264
28 13.3768 13.3184 -0.677547
29 5.49444 11.2249 2.15683
30 19.4342 16.9783 0.325658
31 4.7197 5.12137 -1.86443
32 14.2133 2.21782 -1.29148
33 4.03438 17.9153 -1.02278
34 11.2655 13.9103 2.60888
35 12.0883 10.7968 -2.92652
36 18.8571 11.9773 0.64157
37 17.6094 12.4871 -0.122218
38 2.10989 9.13069 -0.800857
39 8.3302 17.6656 -1.42992
40 2.44176 7.12596 -1.30731
41 5.44264 12.9538 0.157169
42 7.05138 6.09563 -1.75285
43 10.6818 9.6966 0.714283
44 5.38825 4.88251 -0.285421
45 4.37528 11.162 -1.15667
46 1.29784 5.07831 -1.90613
47 13.9261 14.2454 -1.44857
48 19.9548 5.33562 0.879617
49 8.22074 0.661015 -0.167569
50 12.687 13.6141 -0.435647
51 8.95566 11.0579 2.5739
52 1.61707 7.39309 -1.90384
53 16.0628 9.40601 2.18825
54 7.97649 16.3286 1.55824
55 3.01435 10.164 0.203303
56 17.1672 6.51918 -0.373955
57 14.223 16.19 1.15631
58 1.92353 18.8105 1.8441
59 10.355 16.7542 0.856998
60 14.7043 4.18143 0.656419
61 13.9157 4.571 -2.06694
62 19.6434 10.3327 -0.0617848
63 19.9251 19.3084 1.68878
64 17.6527 3.77414 -0.855177
65 14.0072 16.9332 1.62384
66 8.09016 17.7554 -0.958346
67 18.7127 15.7068 0.21259
68 11.6137 7.44566 2.01739
69 19.4733 5.67842 2.51763
70 9.71227 8.96848 -3.16601
71 3.5185 0.361507 -1.80087
72 3.57645 7.32938 2.21918
73 14.4188 6.16122 -0.213132
74 10.1763 12.7267 -2.60333
75 11.7974 19.5779 0.950498
76 18.122 8.68789 -0.945768
77 12.9021 13.3785 1.3851
78 4.60371 9.98387 -1.58566
79 15.3711 0.872076 2.38049
80 9.39889 5.59121 0.0374975
81 14.9544 19.0614 1.3057
82 11.0553 11.4458 2.02339
83 1.50693 6.11394 -3.05223
84 5.3695 9.7056 0.293197
85 7.89383 16.8843 -2.44921
86 1.40832 4.17837 -0.475884
87 7.17294 5.08327 -1.1511
88 6.45102 16.9734 -2.814
89 14.1782 11.0564 0.0296302
90 8.39562 5.12414 0.769629
91 1.63188 0.103697 0.194509
92 3.88548 1.41882 -2.02233
93 1.01537 17.7323 -2.08938
94 11.5773 8.76948 1.6287
95 6.56305 3.10083 3.0356
96 16.7787 17.2081 -0.701042
97 0.776695 6.06531 0.636937
98 6.53302 16.5574 -1.2015
99 19.305 9.1453 2.79759
