100
Particles
0 15.9309 3.6687 -0.370417
1 11.937 8.91666 -0.545162
2 9.18498 6.67417 2.79563
3 13.0178 1.12823 1.44589
4 18.7711 0.0155753 -1.39509
5 12.3496 12.2331 1.1736
6 0.461249 10.4955 2.08449
7 0.933313 19.4751 -1.94105
8 1.81213 12.3677 -1.46918
9 19.6646 9.33526 1.50683
10 13.6062 9.00999 1.84523
11 18.844 11.2658 -2.18304
12 0.319325 4.61788 -1.59664
13 13.6653 12.1999 1.74121
14 3.46729 7.82121 -0.966586
15 15.1072 8.50312 -2.74863
16 11.354 0.626266 -2.49436
17 8.99508 7.903 -2.74972
18 14.5454 6.53082 -1.25396
19 10.4167 19.2234 1.01747
20 14.9464 10.7938 0.133656
21 19.3051 12.1407 -1.16535
22 5.92547 3.30534 2.22644
23 8.46803 7.89763 -1.01105
24 0.281596 3.97685 -1.48398
25 15.8035 12.1192 2.50383
26 13.0215 18.2992 2.7189
27 8.98901 1.9082 2.14431
28 13.3768 13.3184 -0.803289
29 5.49444 11.2249 1.86429
30 19.4342 16.9783 0.410437
31 4.7197 5.12137 -1.63891
32 14.2133 2.21782 -1.38902
33 4.03438 17.9153 -1.09171
34 11.2655 13.9103 2.85457
35 12.0883 10.7968 -2.72948
36 18.8571 11.9773 0.776629
37 17.6094 12.4871 -0.280053
38 2.10989 9.13069 -0.54311
39 8.3302 17.6656 -1.64705
40 2.44176 7.12596 -1.22766
41 5.44264 12.9538 -0.138893
42 7.05138 6.09563 -1.66255
43 10.6818 9.6966 0.574259
44 5.38825 4.88251 -0.31704
45 4.37528 11.162 -1.2539
46 1.29784 5.07831 -2.11175
47 13.9261 14.2454 -1.37193
48 19.9548 5.33562 1.11962
49 8.22074 0.661015 0.120882
50 12.687 13.6141 -0.628951
51 8.95566 11.0579 2.71048
52 1.61707 7.39309 -1.80058
53 16.0628 9.40601 2.08984
54 7.97649 16.3286 1.25609
55 3.01435 10.164 0.322552
56 17.1672 6.51918 -0.0940426
57 14.223 16.19 1.23932
58 1.92353 18.8105 1.80345
59 10.355 16.7542 0.872803
60 14.7043 4.18143 0.467691
61 13.9157 4.571 -1.90952
62 19.6434 10.3327 0.0930453
63 19.9251 19.3084 1.46606
64 17.6527 3.77414 -0.617686
65 14.0072 16.9332 1.47882
66 8.09016 17.7554 -0.655336
67 18.7127 15.7068 0.139015
68 11.6137 7.44566 1.815
69 19.4733 5.67842 2.42447
70 9.71227 8.96848 3.07959
71 3.5185 0.361507 -2.07149
72 3.57645 7.32938 2.26833
73 14.4188 6.16122 -0.151788
74 10.1763 12.7267 -2.45321
75 11.7974 19.5779 0.654667
76 18.122 8.68789 -0.919857
77 12.9021 13.3785 1.10418
78 4.60371 9.98387 -1.45928
79 15.3711 0.872076 2.10134
80 9.39889 5.59121 0.296194
81 14.9544 19.0614 1.43267
82 11.0553 11.4458 2.02803
83 1.50693 6.11394 -3.08898
84 5.3695 9.7056 0.061142
85 7.89383 16.8843 -2.58053
86 1.40832 4.17837 -0.24406
87 7.17294 5.08327 -0.896976
88 6.45102 16.9734 -3.12769
89 14.1782 11.0564 0.0887778
90 8.39562 5.12414 0.90742
91 1.63188 0.103697 0.26912
92 3.88548 1.41882 -2.28516
93 1.01537 17.7323 -2.26673
94 11.5773 8.76948 1.47183
95 6.56305 3.10083 3.24403
96 16.7787 17.2081 -0.724165
97 0.776695 6.06531 0.628661
98 6.53302 16.5574 -0.928253
99 19.305 9.1453 2.88372
