100
Particles
0 15.9309 3.6687 -0.119927
1 11.937 8.91666 -0.572488
2 9.18498 6.67417 2.57536
3 13.0178 1.12823 1.71603
4 18.7711 0.0155753 -1.42104
5 12.3496 12.2331 0.973566
6 0.461249 10.4955 1.96034
7 0.933313 19.4751 -2.22329
8 1.81213 12.3677 -1.4891
9 19.6646 9.33526 1.72871
10 13.6062 9.00999 2.11765
11 18.844 11.2658 -1.91123
12 0.319325 4.61788 -1.83211
13 13.6653 12.1999 1.66711
14 3.46729 7.82121 -1.26301
15 15.1072 8.50312 -2.52547
16 11.354 0.626266 -2.5831
17 8.99508 7.903 -2.66733
18 14.5454 6.53082 -1.11893
19 10.4167 19.2234 0.973388
20 14.9464 10.7938 0.0120398
21 19.3051 12.1407 -0.874934
22 5.92547 3.30534 2.51829
23 8.46803 7.89763 -1.14335
24 0.281596 3.97685 -1.49678
25 15.8035 12.1192 2.80093
26 13.0215 18.2992 2.4078
27 8.98901 1.9082 2.08944
28 13.3768 13.3184 -1.05433
29 5.49444 11.2249 1.87004
30 19.4342 16.9783 0.111778
31 4.7197 5.12137 -1.69741
32 14.2133 2.21782 -1.56451
33 4.03438 17.9153 -1.07078
34 11.2655 13.9103 3.16621
35 12.0883 10.7968 -2.54065
36 18.8571 11.9773 0.993803
37 17.6094 12.4871 -0.195064
38 2.10989 9.13069 -0.831156
39 8.3302 17.6656 -1.83128
40 2.44176 7.12596 -0.960581
41 5.44264 12.9538 -0.223017
42 7.05138 6.09563 -1.91159
43 10.6818 9.6966 0.701434
44 5.38825 4.88251 -0.443044
45 4.37528 11.162 -1.39913
46 1.29784 5.07831 -1.79886
47 13.9261 14.2454 -1.14691
48 19.9548 5.33562 1.06177
49 8.22074 0.661015 0.422639
50 12.687 13.6141 -0.534632
51 8.95566 11.0579 2.86254
52 1.61707 7.39309 -2.09494
53 16.0628 9.40601 1.85209
54 7.97649 16.3286 1.33971
55 3.01435 10.164 0.573266
56 17.1672 6.51918 -0.0162921
57 14.223 16.19 1.00938
58 1.92353 18.8105 1.56202
59 10.355 16.7542 1.08906
60 14.7043 4.18143 0.241058
61 13.9157 4.571 -1.89681
62 19.6434 10.3327 -0.197795
63 19.9251 19.3084 1.20258
64 17.6527 3.77414 -0.509397
65 14.0072 16.9332 1.59769
66 8.09016 17.7554 -0.754943
67 18.7127 15.7068 -0.0396723
68 11.6137 7.44566 2.01211
69 19.4733 5.67842 2.24672
70 9.71227 8.96848 3.106
71 3.5185 0.361507 -1.7773
72 3.57645 7.32938 2.04707
73 14.4188 6.16122 0.125223
74 10.1763 12.7267 -2.65245
75 11.7974 19.5779 0.697042
76 18.122 8.68789 -0.997135
77 12.9021 13.3785 1.3963
78 4.60371 9.98387 -1.60157
79 15.3711 0.872076 2.0383
80 9.39889 5.59121 0.599584
81 14.9544 19.0614 1.45558
82 11.0553 11.4458 2.02968
83 1.50693 6.11394 -3.24117
84 5.3695 9.7056 0.187662
85 7.89383 16.8843 -2.88566
86 1.40832 4.17837 -0.527109
87 7.17294 5.08327 -0.834547
88 6.45102 16.9734 -3.22717
89 14.1782 11.0564 0.373605
90 8.39562 5.12414 1.16075
91 1.63188 0.103697 0.403396
92 3.88548 1.41882 -2.08527
93 1.01537 17.7323 -2.1616
94 11.5773 8.76948 1.23658
95 6.56305 3.10083 -2.87231
96 16.7787 17.2081 -0.906257
97 0.776695 6.06531 0.517727
98 6.53302 16.5574 -0.727672
99 19.305 9.1453 2.90667
