100
Particles
0 15.9309 3.6687 0.10623
1 11.937 8.91666 -0.752793
2 9.18498 6.67417 2.64308
3 13.0178 1.12823 1.45451
4 18.7711 0.0155753 -1.33115
5 12.3496 12.2331 1.13852
6 0.461249 10.4955 2.0137
7 0.933313 19.4751 -2.37017
8 1.81213 12.3677 -1.78357
9 19.6646 9.33526 1.4896
10 13.6062 9.00999 2.1945
11 18.844 11.2658 -1.63827
12 0.319325 4.61788 -2.0165
13 13.6653 12.1999 1.81478
14 3.46729 7.82121 -1.03276
15 15.1072 8.50312 -2.51235
16 11.354 0.626266 -2.47675
17 8.99508 7.903 -2.4694
18 14.5454 6.53082 -1.2693
19 10.4167 19.2234 0.845774
20 14.9464 10.7938 -0.301725
21 19.3051 12.1407 -0.583963
22 5.92547 3.30534 2.78064
23 8.46803 7.89763 -0.977118
24 0.281596 3.97685 -1.76125
25 15.8035 12.1192 2.76794
26 13.0215 18.2992 2.15766
27 8.98901 1.9082 1.78528
28 13.3768 13.3184 -0.98133
29 5.49444 11.2249 2.15959
30 19.4342 16.9783 0.364907
31 4.7197 5.12137 -1.57378
32 14.2133 2.21782 -1.81795
33 4.03438 17.9153 -1.21268
34 11.2655 13.9103 -3.23004
35 12.0883 10.7968 -2.3753
36 18.8571 11.9773 1.18371
37 17.6094 12.4871 -0.267254
38 2.10989 9.13069 -0.882751
39 8.3302 17.6656 -2.11747
40 2.44176 7.12596 -1.09307
41 5.44264 12.9538 -0.253625
42 7.05138 6.09563 -2.15225
43 10.6818 9.6966 0.672071
44 5.38825 4.88251 -0.221137
45 4.37528 11.162 -1.34803
46 1.29784 5.07831 -2.06342
47 13.9261 14.2454 -1.34063
48 19.9548 5.33562 1.04578
49 8.22074 0.661015 0.335609
50 12.687 13.6141 -0.623397
51 8.95566 11.0579 2.88093
52 1.61707 7.39309 -2.04191
53 16.0628 9.40601 2.03861
54 7.97649 16.3286 1.23978
55 3.01435 10.164 0.765196
56 17.1672 6.51918 -0.117696
57 14.223 16.19 0.730045
58 1.92353 18.8105 1.59607
59 10.355 16.7542 1.14429
60 14.7043 4.18143 0.514087
61 13.9157 4.571 -1.75477
62 19.6434 10.3327 0.0646993
63 19.9251 19.3084 1.45916
64 17.6527 3.77414 -0.443691
65 14.0072 16.9332 1.61513
66 8.09016 17.7554 -0.718852
67 18.7127 15.7068 0.260872
68 11.6137 7.44566 2.18375
69 19.4733 5.67842 1.99933
70 9.71227 8.96848 3.28094
71 3.5185 0.361507 -1.98431
72 3.57645 7.32938 2.01399
73 14.4188 6.16122 -0.0567009
74 10.1763 12.7267 -2.53334
75 11.7974 19.5779 0.934113
76 18.122 8.68789 -1.12885
77 12.9021 13.3785 1.13367
78 4.60371 9.98387 -1.72818
79 15.3711 0.872076 2.14659
80 9.39889 5.59121 0.49199
81 14.9544 19.0614 1.31617
82 11.0553 11.4458 1.83141
83 1.50693 6.11394 3.04045
84 5.3695 9.7056 0.0468869
85 7.89383 16.8843 -2.74051
86 1.40832 4.17837 -0.793125
87 7.17294 5.08327 -0.731482
88 6.45102 16.9734 2.89112
89 14.1782 11.0564 0.366869
90 8.39562 5.12414 1.02635
91 1.63188 0.103697 0.543365
92 3.88548 1.41882 -1.80547
93 1.01537 17.7323 -1.89954
94 11.5773 8.76948 1.289
95 6.56305 3.10083 -2.89581
96 16.7787 17.2081 -0.706263
97 0.776695 6.06531 0.632914
98 6.53302 16.5574 -0.926495
99 19.305 9.1453 3.10831
