100
Particles
0 15.9309 3.6687 0.0615472
1 11.937 8.91666 -0.948209
2 9.18498 6.67417 2.50598
3 13.0178 1.12823 1.30845
4 18.7711 0.0155753 -1.31908
5 12.3496 12.2331 0.971621
6 0.461249 10.4955 1.77718
7 0.933313 19.4751 -2.60661
8 1.81213 12.3677 -1.73124
9 19.6646 9.33526 1.63711
10 13.6062 9.00999 2.08236
11 18.844 11.2658 -1.93066
12 0.319325 4.61788 -2.25072
13 13.6653 12.1999 2.07534
14 3.46729 7.82121 -1.03682
15 15.1072 8.50312 -2.54152
16 11.354 0.626266 -2.767
17 8.99508 7.903 -2.32575
18 14.5454 6.53082 -1.25167
19 10.4167 19.2234 0.658586
20 14.9464 10.7938 -0.546723
21 19.3051 12.1407 -0.657233
22 5.92547 3.30534 2.99248
23 8.46803 7.89763 -0.747597
24 0.281596 3.97685 -1.69663
25 15.8035 12.1192 2.91091
26 13.0215 18.2992 1.91586
27 8.98901 1.9082 1.84066
28 13.3768 13.3184 -0.876422
29 5.49444 11.2249 1.97154
30 19.4342 16.9783 0.603766
31 4.7197 5.12137 -1.76542
32 14.2133 2.21782 -1.93514
33 4.03438 17.9153 -1.13693
34 11.2655 13.9103 3.14007
35 12.0883 10.7968 -2.25003
36 18.8571 11.9773 0.939931
37 17.6094 12.4871 -0.047679
38 2.10989 9.13069 -0.862113
39 8.3302 17.6656 -2.13549
40 2.44176 7.12596 -0.790788
41 5.44264 12.9538 -0.102591
42 7.05138 6.09563 -2.39226
43 10.6818 9.6966 0.833259
44 5.38825 4.88251 -0.47545
45 4.37528 11.162 -1.64493
46 1.29784 5.07831 -2.12398
47 13.9261 14.2454 -1.03051
48 19.9548 5.33562 0.841504
49 8.22074 0.661015 0.444084
50 12.687 13.6141 -0.828608
51 8.95566 11.0579 3.02217
52 1.61707 7.39309 -2.03855
53 16.0628 9.40601 2.15169
54 7.97649 16.3286 1.05309
55 3.01435 10.164 0.919529
56 17.1672 6.51918 0.193711
57 14.223 16.19 0.834127
58 1.92353 18.8105 1.59197
59 10.355 16.7542 1.41018
60 14.7043 4.18143 0.209888
61 13.9157 4.571 -1.61031
62 19.6434 10.3327 0.308956
63 19.9251 19.3084 1.18375
64 17.6527 3.77414 -0.475067
65 14.0072 16.9332 1.4296
66 8.09016 17.7554 -0.677058
67 18.7127 15.7068 0.354832
68 11.6137 7.44566 2.05973
69 19.4733 5.67842 1.97418
70 9.71227 8.96848 -3.14089
71 3.5185 0.361507 -2.06637
72 3.57645 7.32938 1.80007
73 14.4188 6.16122 0.185553
74 10.1763 12.7267 -2.84121
75 11.7974 19.5779 1.17439
76 18.122 8.68789 -1.08382
77 12.9021 13.3785 1.0279
78 4.60371 9.98387 -1.58803
79 15.3711 0.872076 2.15147
80 9.39889 5.59121 0.49143
81 14.9544 19.0614 1.07121
82 11.0553 11.4458 1.76199
83 1.50693 6.11394 2.87776
84 5.3695 9.7056 -0.25741
85 7.89383 16.8843 -2.82841
86 1.40832 4.17837 -1.05085
87 7.17294 5.08327 -0.88427
88 6.45102 16.9734 2.63509
89 14.1782 11.0564 0.116133
90 8.39562 5.12414 0.837232
91 1.63188 0.103697 0.85743
92 3.88548 1.41882 -2.11826
93 1.01537 17.7323 -1.81241
94 11.5773 8.76948 1.06358
95 6.56305 3.10083 -2.63152
96 16.7787 17.2081 -0.961591
97 0.776695 6.06531 0.918839
98 6.53302 16.5574 -0.856798
99 19.305 9.1453 2.79495
