100
Particles
0 15.9309 3.6687 0.309109
1 11.937 8.91666 -0.934567
2 9.18498 6.67417 2.35686
3 13.0178 1.12823 1.47638
4 18.7711 0.0155753 -1.051
5 12.3496 12.2331 0.961373
6 0.461249 10.4955 1.66129
7 0.933313 19.4751 -2.42507
8 1.81213 12.3677 -1.61702
9 19.6646 9.33526 1.88137
10 13.6062 9.00999 2.20332
11 18.844 11.2658 -2.09181
12 0.319325 4.61788 -1.9795
13 13.6653 12.1999 1.82705
14 3.46729 7.82121 -1.18262
15 15.1072 8.50312 -2.52883
16 11.354 0.626266 -2.72569
17 8.99508 7.903 -2.63028
18 14.5454 6.53082 -1.07538
19 10.4167 19.2234 0.571631
20 14.9464 10.7938 -0.605522
21 19.3051 12.1407 -0.46285
22 5.92547 3.30534 2.91664
23 8.46803 7.89763 -1.03208
24 0.281596 3.97685 -1.89993
25 15.8035 12.1192 3.19736
26 13.0215 18.2992 1.64594
27 8.98901 1.9082 1.74951
28 13.3768 13.3184 -0.874424
29 5.49444 11.2249 1.96732
30 19.4342 16.9783 0.292095
31 4.7197 5.12137 -1.76469
32 14.2133 2.21782 -2.00817
33 4.03438 17.9153 -0.840312
34 11.2655 13.9103 2.92592
35 12.0883 10.7968 -2.34166
36 18.8571 11.9773 0.88934
37 17.6094 12.4871 -0.116358
38 2.10989 9.13069 -0.757918
39 8.3302 17.6656 -2.31424
40 2.44176 7.12596 -0.966044
41 5.44264 12.9538 0.0414261
42 7.05138 6.09563 -2.39208
43 10.6818 9.6966 0.77995
44 5.38825 4.88251 -0.683295
45 4.37528 11.162 -1.84126
46 1.29784 5.07831 -2.43151
47 13.9261 14.2454 -1.28722
48 19.9548 5.33562 0.877217
49 8.22074 0.661015 0.690306
50 12.687 13.6141 -0.962336
51 8.95566 11.0579 2.91394
52 1.61707 7.39309 -2.28007
53 16.0628 9.40601 2.08172
54 7.97649 16.3286 0.762319
55 3.01435 10.164 1.18192
56 17.1672 6.51918 0.30248
57 14.223 16.19 1.14247
58 1.92353 18.8105 1.83251
59 10.355 16.7542 1.39321
60 14.7043 4.18143 0.222257
61 13.9157 4.571 -1.80472
62 19.6434 10.3327 0.285105
63 19.9251 19.3084 1.43698
64 17.6527 3.77414 -0.757274
65 14.0072 16.9332 1.65803
66 8.09016 17.7554 -0.776993
67 18.7127 15.7068 0.605854
68 11.6137 7.44566 2.33674
69 19.4733 5.67842 2.08154
70 9.71227 8.96848 -3.03758
71 3.5185 0.361507 -2.09606
72 3.57645 7.32938 2.0109
73 14.4188 6.16122 0.475593
74 10.1763 12.7267 -2.66837
75 11.7974 19.5779 1.251
76 18.122 8.68789 -1.01672
77 12.9021 13.3785 1.24748
78 4.60371 9.98387 -1.56214
79 15.3711 0.872076 2.34239
80 9.39889 5.59121 0.497013
81 14.9544 19.0614 0.796287
82 11.0553 11.4458 1.68907
83 1.50693 6.11394 2.84285
84 5.3695 9.7056 -0.482589
85 7.89383 16.8843 -3.07817
86 1.40832 4.17837 -1.02856
87 7.17294 5.08327 -1.14493
88 6.45102 16.9734 2.51128
89 14.1782 11.0564 0.269818
90 8.39562 5.12414 1.12904
91 1.63188 0.103697 0.994322
92 3.88548 1.41882 -1.80873
93 1.01537 17.7323 -1.68779
94 11.5773 8.76948 0.934021
95 6.56305 3.10083 -2.52341
96 16.7787 17.2081 -0.834572
97 0.776695 6.06531 0.838242
98 6.53302 16.5574 -1.15983
99 19.305 9.1453 2.92262
