100
Particles
0 15.9309 3.6687 1.34035
1 11.937 8.91666 -2.6113
2 9.18498 6.67417 -2.59584
3 13.0178 1.12823 0.807979
4 18.7711 0.0155753 2.63731
5 12.3496 12.2331 -2.85324
6 0.461249 10.4955 -0.689945
7 0.933313 19.4751 -1.94329
8 1.81213 12.3677 -1.49699
9 19.6646 9.33526 1.96548
10 13.6062 9.00999 2.89926
11 18.844 11.2658 -0.39317
12 0.319325 4.61788 -1.60368
13 13.6653 12.1999 0.908713
14 3.46729 7.82121 -1.99158
15 15.1072 8.50312 -2.14029
16 11.354 0.626266 2.8292
17 8.99508 7.903 3.10918
18 14.5454 6.53082 0.424232
19 10.4167 19.2234 2.58548
20 14.9464 10.7938 0.352952
21 19.3051 12.1407 -0.382946
22 5.92547 3.30534 -2.89511
23 8.46803 7.89763 -1.15148
24 0.281596 3.97685 1.32665
25 15.8035 12.1192 3.0319
26 13.0215 18.2992 2.06248
27 8.98901 1.9082 -1.06477
28 13.3768 13.3184 0.881356
29 5.49444 11.2249 -1.09217
30 19.4342 16.9783 1.78375
31 4.7197 5.12137 -2.64514
32 14.2133 2.21782 -0.109744
33 4.03438 17.9153 -0.288889
34 11.2655 13.9103 -2.61135
35 12.0883 10.7968 -1.57153
36 18.8571 11.9773 1.01985
37 17.6094 12.4871 -1.65312
38 2.10989 9.13069 -1.87699
39 8.3302 17.6656 -1.55431
40 2.44176 7.12596 2.51581
41 5.44264 12.9538 -2.69411
42 7.05138 6.09563 -1.42898
43 10.6818 9.6966 0.005318
44 5.38825 4.88251 -1.85764
45 4.37528 11.162 -0.726527
46 1.29784 5.07831 -2.54424
47 13.9261 14.2454 -2.4566
48 19.9548 5.33562 -3.08145
49 8.22074 0.661015 -1.14124
50 12.687 13.6141 0.540916
51 8.95566 11.0579 1.24972
52 1.61707 7.39309 -1.61864
53 16.0628 9.40601 -3.07361
54 7.97649 16.3286 2.46592
55 3.01435 10.164 1.15812
56 17.1672 6.51918 -1.15462
57 14.223 16.19 0.0251567
58 1.92353 18.8105 -0.452448
59 10.355 16.7542 1.57906
60 14.7043 4.18143 0.644847
61 13.9157 4.571 -1.46145
62 19.6434 10.3327 -1.49808
63 19.9251 19.3084 0.051062
64 17.6527 3.77414 -0.638503
65 14.0072 16.9332 1.9847
66 8.09016 17.7554 2.12721
67 18.7127 15.7068 0.529164
68 11.6137 7.44566 -3.16816
69 19.4733 5.67842 -1.24371
70 9.71227 8.96848 -2.96456
71 3.5185 0.361507 -0.412325
72 3.57645 7.32938 0.902551
73 14.4188 6.16122 1.23088
74 10.1763 12.7267 -0.885289
75 11.7974 19.5779 0.487237
76 18.122 8.68789 -0.325982
77 12.9021 13.3785 2.31427
78 4.60371 9.98387 -0.652927
79 15.3711 0.872076 2.99148
80 9.39889 5.59121 2.37834
81 14.9544 19.0614 -0.40919
82 11.0553 11.4458 2.88212
83 1.50693 6.11394 -1.60179
84 5.3695 9.7056 -0.16144
85 7.89383 16.8843 2.92774
86 1.40832 4.17837 1.56854
87 7.17294 5.08327 -1.86088
88 6.45102 16.9734 -1.95633
89 14.1782 11.0564 -1.11243
90 8.39562 5.12414 0.233563
91 1.63188 0.103697 0.439878
92 3.88548 1.41882 -0.66586
93 1.01537 17.7323 -2.64216
94 11.5773 8.76948 1.3203
95 6.56305 3.10083 2.68395
96 16.7787 17.2081 -1.29029
97 0.776695 6.06531 0.716555
98 6.53302 16.5574 -1.67788
99 19.305 9.1453 1.79413
