100
Particles
0 15.9309 3.6687 0.00858456
1 11.937 8.91666 -0.852139
2 9.18498 6.67417 2.14551
3 13.0178 1.12823 1.5176
4 18.7711 0.0155753 -1.04854
5 12.3496 12.2331 0.655705
6 0.461249 10.4955 1.57512
7 0.933313 19.4751 -2.36155
8 1.81213 12.3677 -1.39799
9 19.6646 9.33526 2.12556
10 13.6062 9.00999 2.19318
11 18.844 11.2658 -1.94828
12 0.319325 4.61788 -2.09483
13 13.6653 12.1999 1.72789
14 3.46729 7.82121 -1.3746
15 15.1072 8.50312 -2.48991
16 11.354 0.626266 -2.84221
17 8.99508 7.903 -2.89143
18 14.5454 6.53082 -0.959135
19 10.4167 19.2234 0.702166
20 14.9464 10.7938 -0.693491
21 19.3051 12.1407 -0.728803
22 5.92547 3.30534 2.87033
23 8.46803 7.89763 -1.06832
24 0.281596 3.97685 -1.79395
25 15.8035 12.1192 -3.2018
26 13.0215 18.2992 1.76067
27 8.98901 1.9082 1.98292
28 13.3768 13.3184 -1.03937
29 5.49444 11.2249 2.26823
30 19.4342 16.9783 0.220698
31 4.7197 5.12137 -1.91093
32 14.2133 2.21782 -2.05749
33 4.03438 17.9153 -1.09516
34 11.2655 13.9103 2.69074
35 12.0883 10.7968 -2.39543
36 18.8571 11.9773 1.05424
37 17.6094 12.4871 0.135165
38 2.10989 9.13069 -0.65436
39 8.3302 17.6656 -2.56229
40 2.44176 7.12596 -0.857961
41 5.44264 12.9538 0.126518
42 7.05138 6.09563 -2.19996
43 10.6818 9.6966 0.98431
44 5.38825 4.88251 -0.451947
45 4.37528 11.162 -1.89522
46 1.29784 5.07831 -2.30719
47 13.9261 14.2454 -1.43284
48 19.9548 5.33562 1.19096
49 8.22074 0.661015 0.486312
50 12.687 13.6141 -1.27014
51 8.95566 11.0579 2.69328
52 1.61707 7.39309 -2.10673
53 16.0628 9.40601 2.04828
54 7.97649 16.3286 0.729333
55 3.01435 10.164 1.46781
56 17.1672 6.51918 0.566144
57 14.223 16.19 1.02384
58 1.92353 18.8105 1.6497
59 10.355 16.7542 1.61217
60 14.7043 4.18143 0.477366
61 13.9157 4.571 -1.77859
62 19.6434 10.3327 0.366424
63 19.9251 19.3084 1.28424
64 17.6527 3.77414 -0.568274
65 14.0072 16.9332 1.74104
66 8.09016 17.7554 -0.774785
67 18.7127 15.7068 0.329462
68 11.6137 7.44566 2.59808
69 19.4733 5.67842 2.15408
70 9.71227 8.96848 -3.23067
71 3.5185 0.361507 -2.02921
72 3.57645 7.32938 2.1224
73 14.4188 6.16122 0.491785
74 10.1763 12.7267 -2.53133
75 11.7974 19.5779 1.30218
76 18.122 8.68789 -0.735376
77 12.9021 13.3785 0.967059
78 4.60371 9.98387 -1.80954
79 15.3711 0.872076 2.13735
80 9.39889 5.59121 0.616501
81 14.9544 19.0614 0.887768
82 11.0553 11.4458 1.93541
83 1.50693 6.11394 2.98917
84 5.3695 9.7056 -0.477339
85 7.89383 16.8843 -2.76914
86 1.40832 4.17837 -1.17552
87 7.17294 5.08327 -0.935582
88 6.45102 16.9734 2.46528
89 14.1782 11.0564 0.363271
90 8.39562 5.12414 1.27184
91 1.63188 0.103697 1.07836
92 3.88548 1.41882 -2.03461
93 1.01537 17.7323 -1.72364
94 11.5773 8.76948 0.972624
95 6.56305 3.10083 -2.3041
96 16.7787 17.2081 -0.86998
97 0.776695 6.06531 1.10135
98 6.53302 16.5574 -1.19729
99 19.305 9.1453 2.95327
