100
Particles
0 15.9309 3.6687 0.498467
1 11.937 8.91666 -0.585622
2 9.18498 6.67417 2.14311
3 13.0178 1.12823 1.71787
4 18.7711 0.0155753 -1.16825
5 12.3496 12.2331 0.393827
6 0.461249 10.4955 1.38228
7 0.933313 19.4751 -2.58264
8 1.81213 12.3677 -0.976214
9 19.6646 9.33526 1.75794
10 13.6062 9.00999 2.24302
11 18.844 11.2658 -2.43839
12 0.319325 4.61788 -2.58712
13 13.6653 12.1999 1.83199
14 3.46729 7.82121 -1.05008
15 15.1072 8.50312 -2.16182
16 11.354 0.626266 -2.87697
17 8.99508 7.903 -2.68131
18 14.5454 6.53082 -0.954965
19 10.4167 19.2234 1.0256
20 14.9464 10.7938 -0.939163
21 19.3051 12.1407 -0.542739
22 5.92547 3.30534 3.03552
23 8.46803 7.89763 -1.06162
24 0.281596 3.97685 -1.50499
25 15.8035 12.1192 3.15848
26 13.0215 18.2992 1.67548
27 8.98901 1.9082 1.89015
28 13.3768 13.3184 -1.01471
29 5.49444 11.2249 2.24773
30 19.4342 16.9783 -0.17662
31 4.7197 5.12137 -2.02596
32 14.2133 2.21782 -2.49984
33 4.03438 17.9153 -0.753885
34 11.2655 13.9103 3.02615
35 12.0883 10.7968 -2.47186
36 18.8571 11.9773 1.06415
37 17.6094 12.4871 0.505076
38 2.10989 9.13069 -0.446165
39 8.3302 17.6656 -2.13239
40 2.44176 7.12596 -0.97649
41 5.44264 12.9538 0.122251
42 7.05138 6.09563 -2.37763
43 10.6818 9.6966 1.06176
44 5.38825 4.88251 -0.0147436
45 4.37528 11.162 -1.71027
46 1.29784 5.07831 -2.51348
47 13.9261 14.2454 -1.41288
48 19.9548 5.33562 1.4135
49 8.22074 0.661015 0.0885126
50 12.687 13.6141 -1.53504
51 8.95566 11.0579 2.27071
52 1.61707 7.39309 -2.25886
53 16.0628 9.40601 1.81361
54 7.97649 16.3286 0.319475
55 3.01435 10.164 1.64072
56 17.1672 6.51918 0.0835934
57 14.223 16.19 1.004
58 1.92353 18.8105 2.19214
59 10.355 16.7542 1.79108
60 14.7043 4.18143 0.785905
61 13.9157 4.571 -1.55769
62 19.6434 10.3327 0.46898
63 19.9251 19.3084 1.21655
64 17.6527 3.77414 -0.14685
65 14.0072 16.9332 1.41011
66 8.09016 17.7554 -0.826685
67 18.7127 15.7068 0.510259
68 11.6137 7.44566 2.89579
69 19.4733 5.67842 2.00922
70 9.71227 8.96848 2.99059
71 3.5185 0.361507 -2.05066
72 3.57645 7.32938 2.23794
73 14.4188 6.16122 0.884309
74 10.1763 12.7267 -2.1673
75 11.7974 19.5779 1.10239
76 18.122 8.68789 -0.787961
77 12.9021 13.3785 1.3913
78 4.60371 9.98387 -1.66465
79 15.3711 0.872076 2.32081
80 9.39889 5.59121 0.787648
81 14.9544 19.0614 1.06345
82 11.0553 11.4458 2.23214
83 1.50693 6.11394 2.70645
84 5.3695 9.7056 -0.723516
85 7.89383 16.8843 -2.6363
86 1.40832 4.17837 -1.09779
87 7.17294 5.08327 -1.30405
88 6.45102 16.9734 2.23481
89 14.1782 11.0564 -0.112358
90 8.39562 5.12414 1.52386
91 1.63188 0.103697 0.98691
92 3.88548 1.41882 -2.11532
93 1.01537 17.7323 -1.82792
94 11.5773 8.76948 1.47552
95 6.56305 3.10083 -2.65568
96 16.7787 17.2081 -0.923806
97 0.776695 6.06531 1.36915
98 6.53302 16.5574 -0.940112
99 19.305 9.1453 3.05278
