100
Particles
0 15.9309 3.6687 0.777732
1 11.937 8.91666 -0.766404
2 9.18498 6.67417 2.15576
3 13.0178 1.12823 1.70199
4 18.7711 0.0155753 -1.32006
5 12.3496 12.2331 0.594005
6 0.461249 10.4955 1.63336
7 0.933313 19.4751 -2.4055
8 1.81213 12.3677 -1.16763
9 19.6646 9.33526 1.49829
10 13.6062 9.00999 2.30927
11 18.844 11.2658 -2.71667
12 0.319325 4.61788 -2.47853
13 13.6653 12.1999 1.85111
14 3.46729 7.82121 -0.947803
15 15.1072 8.50312 -2.10517
16 11.354 0.626266 -2.92554
17 8.99508 7.903 -2.86925
18 14.5454 6.53082 -1.07705
19 10.4167 19.2234 1.04099
20 14.9464 10.7938 -0.843741
21 19.3051 12.1407 -0.367135
22 5.92547 3.30534 3.20338
23 8.46803 7.89763 -0.764621
24 0.281596 3.97685 -1.63955
25 15.8035 12.1192 -3.39418
26 13.0215 18.2992 1.57851
27 8.98901 1.9082 2.04302
28 13.3768 13.3184 -1.05359
29 5.49444 11.2249 2.4474
30 19.4342 16.9783 -0.145627
31 4.7197 5.12137 -1.75592
32 14.2133 2.21782 -2.21844
33 4.03438 17.9153 -1.0245
34 11.2655 13.9103 2.99877
35 12.0883 10.7968 -2.40294
36 18.8571 11.9773 0.910755
37 17.6094 12.4871 0.446691
38 2.10989 9.13069 -0.334525
39 8.3302 17.6656 -2.30409
40 2.44176 7.12596 -0.912413
41 5.44264 12.9538 0.246311
42 7.05138 6.09563 -2.63493
43 10.6818 9.6966 1.06021
44 5.38825 4.88251 -0.163605
45 4.37528 11.162 -1.56928
46 1.29784 5.07831 -2.70854
47 13.9261 14.2454 -1.16643
48 19.9548 5.33562 1.37011
49 8.22074 0.661015 -0.101238
50 12.687 13.6141 -1.57398
51 8.95566 11.0579 2.21337
52 1.61707 7.39309 -2.30353
53 16.0628 9.40601 1.86737
54 7.97649 16.3286 0.332779
55 3.01435 10.164 1.42067
56 17.1672 6.51918 -0.189361
57 14.223 16.19 1.14815
58 1.92353 18.8105 2.22966
59 10.355 16.7542 1.70249
60 14.7043 4.18143 0.979652
61 13.9157 4.571 -1.62803
62 19.6434 10.3327 0.65494
63 19.9251 19.3084 1.0945
64 17.6527 3.77414 -0.41524
65 14.0072 16.9332 1.68194
66 8.09016 17.7554 -0.892941
67 18.7127 15.7068 0.694163
68 11.6137 7.44566 2.75702
69 19.4733 5.67842 2.10118
70 9.71227 8.96848 3.22514
71 3.5185 0.361507 -2.33865
72 3.57645 7.32938 2.44568
73 14.4188 6.16122 0.929129
74 10.1763 12.7267 -2.09977
75 11.7974 19.5779 1.11694
76 18.122 8.68789 -0.552671
77 12.9021 13.3785 1.10443
78 4.60371 9.98387 -1.8148
79 15.3711 0.872076 2.55691
80 9.39889 5.59121 0.946202
81 14.9544 19.0614 0.760377
82 11.0553 11.4458 2.24282
83 1.50693 6.11394 2.72503
84 5.3695 9.7056 -0.785793
85 7.89383 16.8843 -2.76361
86 1.40832 4.17837 -0.983609
87 7.17294 5.08327 -1.48765
88 6.45102 16.9734 2.42265
89 14.1782 11.0564 0.078046
90 8.39562 5.12414 1.47062
91 1.63188 0.103697 0.85091
92 3.88548 1.41882 -2.25111
93 1.01537 17.7323 -1.83905
94 11.5773 8.76948 1.61348
95 6.56305 3.10083 -2.74435
96 16.7787 17.2081 -0.854664
97 0.776695 6.06531 1.29532
98 6.53302 16.5574 -1.06293
99 19.305 9.1453 2.75424
