100
Particles
0 15.9309 3.6687 0.466032
1 11.937 8.91666 -0.937804
2 9.18498 6.67417 2.09695
3 13.0178 1.12823 1.92269
4 18.7711 0.0155753 -1.13252
5 12.3496 12.2331 0.447711
6 0.461249 10.4955 1.47285
7 0.933313 19.4751 -2.57683
8 1.81213 12.3677 -1.26864
9 19.6646 9.33526 1.49716
10 13.6062 9.00999 2.27074
11 18.844 11.2658 -2.89369
12 0.319325 4.61788 -2.71073
13 13.6653 12.1999 1.54485
14 3.46729 7.82121 -1.16522
15 15.1072 8.50312 -1.97614
16 11.354 0.626266 -3.08662
17 8.99508 7.903 -2.88898
18 14.5454 6.53082 -1.01968
19 10.4167 19.2234 1.28405
20 14.9464 10.7938 -0.599416
21 19.3051 12.1407 -0.212736
22 5.92547 3.30534 -3.37187
23 8.46803 7.89763 -0.717453
24 0.281596 3.97685 -1.45948
25 15.8035 12.1192 2.58571
26 13.0215 18.2992 1.60972
27 8.98901 1.9082 2.26781
28 13.3768 13.3184 -1.06987
29 5.49444 11.2249 2.13582
30 19.4342 16.9783 -0.452866
31 4.7197 5.12137 -1.8083
32 14.2133 2.21782 -2.4352
33 4.03438 17.9153 -0.921172
34 11.2655 13.9103 3.12996
35 12.0883 10.7968 -2.60533
36 18.8571 11.9773 1.15488
37 17.6094 12.4871 0.41019
38 2.10989 9.13069 -0.558931
39 8.3302 17.6656 -2.13805
40 2.44176 7.12596 -0.730217
41 5.44264 12.9538 0.333833
42 7.05138 6.09563 -2.41284
43 10.6818 9.6966 1.20935
44 5.38825 4.88251 0.0765422
45 4.37528 11.162 -1.61082
46 1.29784 5.07831 -2.55297
47 13.9261 14.2454 -0.852424
48 19.9548 5.33562 1.51144
49 8.22074 0.661015 -0.343653
50 12.687 13.6141 -1.56247
51 8.95566 11.0579 2.26826
52 1.61707 7.39309 -2.50823
53 16.0628 9.40601 2.15821
54 7.97649 16.3286 0.12894
55 3.01435 10.164 1.21808
56 17.1672 6.51918 0.0714959
57 14.223 16.19 1.12629
58 1.92353 18.8105 1.9552
59 10.355 16.7542 1.76418
60 14.7043 4.18143 1.04363
61 13.9157 4.571 -1.90166
62 19.6434 10.3327 0.951835
63 19.9251 19.3084 1.12216
64 17.6527 3.77414 -0.377669
65 14.0072 16.9332 1.69458
66 8.09016 17.7554 -0.823366
67 18.7127 15.7068 0.546068
68 11.6137 7.44566 2.62334
69 19.4733 5.67842 2.10831
70 9.71227 8.96848 -2.86534
71 3.5185 0.361507 -2.62148
72 3.57645 7.32938 2.51065
73 14.4188 6.16122 1.12188
74 10.1763 12.7267 -2.31534
75 11.7974 19.5779 0.812218
76 18.122 8.68789 -0.670347
77 12.9021 13.3785 1.15981
78 4.60371 9.98387 -2.04207
79 15.3711 0.872076 2.51049
80 9.39889 5.59121 0.979076
81 14.9544 19.0614 0.822508
82 11.0553 11.4458 2.10108
83 1.50693 6.11394 2.66222
84 5.3695 9.7056 -0.610908
85 7.89383 16.8843 -2.48638
86 1.40832 4.17837 -0.756232
87 7.17294 5.08327 -1.44726
88 6.45102 16.9734 2.36629
89 14.1782 11.0564 -0.0269105
90 8.39562 5.12414 1.23497
91 1.63188 0.103697 0.603699
92 3.88548 1.41882 -2.13276
93 1.01537 17.7323 -1.98997
94 11.5773 8.76948 1.45933
95 6.56305 3.10083 -2.43133
96 16.7787 17.2081 -1.05075
97 0.776695 6.06531 1.07419
98 6.53302 16.5574 -1.31509
99 19.305 9.1453 2.80438
