100
Particles
0 15.9309 3.6687 0.703979
1 11.937 8.91666 -1.02401
2 9.18498 6.67417 2.40375
3 13.0178 1.12823 2.19969
4 18.7711 0.0155753 -1.11965
5 12.3496 12.2331 0.804523
6 0.461249 10.4955 1.61529
7 0.933313 19.4751 -2.50274
8 1.81213 12.3677 -1.37437
9 19.6646 9.33526 0.670886
10 13.6062 9.00999 1.50387
11 18.844 11.2658 -2.45374
12 0.319325 4.61788 -2.29282
13 13.6653 12.1999 1.17373
14 3.46729 7.82121 -1.57602
15 15.1072 8.50312 -1.59265
16 11.354 0.626266 -3.06132
17 8.99508 7.903 -2.83201
18 14.5454 6.53082 -0.799911
19 10.4167 19.2234 1.85343
20 14.9464 10.7938 -0.653432
21 19.3051 12.1407 0.402698
22 5.92547 3.30534 -2.85288
23 8.46803 7.89763 -0.915157
24 0.281596 3.97685 -1.90408
25 15.8035 12.1192 2.66898
26 13.0215 18.2992 1.31008
27 8.98901 1.9082 2.38536
28 13.3768 13.3184 -1.28273
29 5.49444 11.2249 2.64841
30 19.4342 16.9783 -0.667365
31 4.7197 5.12137 -2.04815
32 14.2133 2.21782 -2.47112
33 4.03438 17.9153 -0.812822
34 11.2655 13.9103 3.03986
35 12.0883 10.7968 -2.49711
36 18.8571 11.9773 0.970693
37 17.6094 12.4871 0.667168
38 2.10989 9.13069 -0.774272
39 8.3302 17.6656 -1.96517
40 2.44176 7.12596 -0.565185
41 5.44264 12.9538 -0.126132
42 7.05138 6.09563 -2.40052
43 10.6818 9.6966 0.706503
44 5.38825 4.88251 0.646996
45 4.37528 11.162 -1.773
46 1.29784 5.07831 -2.23021
47 13.9261 14.2454 -0.846069
48 19.9548 5.33562 1.88417
49 8.22074 0.661015 -0.340956
50 12.687 13.6141 -1.50144
51 8.95566 11.0579 2.1116
52 1.61707 7.39309 -2.60664
53 16.0628 9.40601 2.13203
54 7.97649 16.3286 0.466518
55 3.01435 10.164 1.28358
56 17.1672 6.51918 0.285627
57 14.223 16.19 1.06862
58 1.92353 18.8105 1.85426
59 10.355 16.7542 1.1738
60 14.7043 4.18143 1.43667
61 13.9157 4.571 -1.47175
62 19.6434 10.3327 1.10162
63 19.9251 19.3084 0.853566
64 17.6527 3.77414 -0.224199
65 14.0072 16.9332 1.76111
66 8.09016 17.7554 -0.88675
67 18.7127 15.7068 0.540484
68 11.6137 7.44566 2.24516
69 19.4733 5.67842 1.49039
70 9.71227 8.96848 -2.97257
71 3.5185 0.361507 -2.33754
72 3.57645 7.32938 2.44776
73 14.4188 6.16122 1.04839
74 10.1763 12.7267 -2.81546
75 11.7974 19.5779 0.800158
76 18.122 8.68789 -0.536123
77 12.9021 13.3785 1.10184
78 4.60371 9.98387 -2.53777
79 15.3711 0.872076 2.05576
80 9.39889 5.59121 0.792508
81 14.9544 19.0614 0.727264
82 11.0553 11.4458 2.08716
83 1.50693 6.11394 2.04044
84 5.3695 9.7056 -0.0427844
85 7.89383 16.8843 -3.00744
86 1.40832 4.17837 -0.486171
87 7.17294 5.08327 -1.83065
88 6.45102 16.9734 2.99999
89 14.1782 11.0564 0.158363
90 8.39562 5.12414 1.28638
91 1.63188 0.103697 0.905976
92 3.88548 1.41882 -2.47288
93 1.01537 17.7323 -1.87104
94 11.5773 8.76948 1.04228
95 6.56305 3.10083 -2.48826
96 16.7787 17.2081 -0.635096
97 0.776695 6.06531 1.15314
98 6.53302 16.5574 -1.19843
99 19.305 9.1453 2.90709
