100
Particles
0 15.9309 3.6687 1.25264
1 11.937 8.91666 -0.974431
2 9.18498 6.67417 2.47054
3 13.0178 1.12823 1.95219
4 18.7711 0.0155753 -1.13427
5 12.3496 12.2331 0.869059
6 0.461249 10.4955 1.79647
7 0.933313 19.4751 -2.25784
8 1.81213 12.3677 -0.954941
9 19.6646 9.33526 0.742878
10 13.6062 9.00999 1.48958
11 18.844 11.2658 -2.60475
12 0.319325 4.61788 -2.28483
13 13.6653 12.1999 1.53144
14 3.46729 7.82121 -1.94387
15 15.1072 8.50312 -1.94808
16 11.354 0.626266 2.66389
17 8.99508 7.903 -3.01275
18 14.5454 6.53082 -1.01234
19 10.4167 19.2234 2.32233
20 14.9464 10.7938 -0.697067
21 19.3051 12.1407 0.606925
22 5.92547 3.30534 -2.50611
23 8.46803 7.89763 -1.33135
24 0.281596 3.97685 -1.51193
25 15.8035 12.1192 2.42783
26 13.0215 18.2992 1.34036
27 8.98901 1.9082 2.08096
28 13.3768 13.3184 -1.08549
29 5.49444 11.2249 2.63882
30 19.4342 16.9783 -0.467076
31 4.7197 5.12137 -2.16638
32 14.2133 2.21782 -2.06173
33 4.03438 17.9153 -1.20682
34 11.2655 13.9103 -3.20526
35 12.0883 10.7968 -2.56414
36 18.8571 11.9773 1.06412
37 17.6094 12.4871 0.975003
38 2.10989 9.13069 -0.307831
39 8.3302 17.6656 -1.69138
40 2.44176 7.12596 -0.883044
41 5.44264 12.9538 -0.0183674
42 7.05138 6.09563 -2.56274
43 10.6818 9.6966 0.98888
44 5.38825 4.88251 0.447253
45 4.37528 11.162 -1.5397
46 1.29784 5.07831 -2.20443
47 13.9261 14.2454 -1.31965
48 19.9548 5.33562 1.65084
49 8.22074 0.661015 -0.280731
50 12.687 13.6141 -1.4559
51 8.95566 11.0579 2.24351
52 1.61707 7.39309 -2.32459
53 16.0628 9.40601 2.11901
54 7.97649 16.3286 0.317329
55 3.01435 10.164 1.47244
56 17.1672 6.51918 0.734213
57 14.223 16.19 1.20226
58 1.92353 18.8105 2.1827
59 10.355 16.7542 0.794218
60 14.7043 4.18143 1.8649
61 13.9157 4.571 -1.52933
62 19.6434 10.3327 0.954142
63 19.9251 19.3084 1.07718
64 17.6527 3.77414 -0.410278
65 14.0072 16.9332 1.24626
66 8.09016 17.7554 -0.758455
67 18.7127 15.7068 0.365539
68 11.6137 7.44566 2.7482
69 19.4733 5.67842 1.4552
70 9.71227 8.96848 -3.30586
71 3.5185 0.361507 -2.3657
72 3.57645 7.32938 2.06205
73 14.4188 6.16122 0.528573
74 10.1763 12.7267 -2.4248
75 11.7974 19.5779 0.853053
76 18.122 8.68789 -0.39808
77 12.9021 13.3785 1.34712
78 4.60371 9.98387 -2.54799
79 15.3711 0.872076 2.07581
80 9.39889 5.59121 0.314553
81 14.9544 19.0614 0.850295
82 11.0553 11.4458 2.09532
83 1.50693 6.11394 2.23071
84 5.3695 9.7056 0.163291
85 7.89383 16.8843 3.34075
86 1.40832 4.17837 -0.42663
87 7.17294 5.08327 -1.95029
88 6.45102 16.9734 -3.12263
89 14.1782 11.0564 0.205435
90 8.39562 5.12414 1.47791
91 1.63188 0.103697 0.794011
92 3.88548 1.41882 -2.18853
93 1.01537 17.7323 -1.57303
94 11.5773 8.76948 1.14207
95 6.56305 3.10083 -2.56508
96 16.7787 17.2081 -0.751612
97 0.776695 6.06531 1.29848
98 6.53302 16.5574 -0.861692
99 19.305 9.1453 3.07444
