100
Particles
0 15.9309 3.6687 1.62822
1 11.937 8.91666 -2.44895
2 9.18498 6.67417 -2.50854
3 13.0178 1.12823 0.970736
4 18.7711 0.0155753 2.77812
5 12.3496 12.2331 -2.76701
6 0.461249 10.4955 -0.387989
7 0.933313 19.4751 -1.68985
8 1.81213 12.3677 -1.40484
9 19.6646 9.33526 2.08686
10 13.6062 9.00999 2.61752
11 18.844 11.2658 -0.286408
12 0.319325 4.61788 -1.89009
13 13.6653 12.1999 0.964171
14 3.46729 7.82121 -1.67783
15 15.1072 8.50312 -2.10522
16 11.354 0.626266 2.81236
17 8.99508 7.903 2.9916
18 14.5454 6.53082 0.185799
19 10.4167 19.2234 2.73063
20 14.9464 10.7938 0.159806
21 19.3051 12.1407 -0.624671
22 5.92547 3.30534 -2.94427
23 8.46803 7.89763 -0.965908
24 0.281596 3.97685 1.48062
25 15.8035 12.1192 2.75222
26 13.0215 18.2992 2.0343
27 8.98901 1.9082 -1.05067
28 13.3768 13.3184 0.972178
29 5.49444 11.2249 -0.997814
30 19.4342 16.9783 1.69873
31 4.7197 5.12137 -2.60702
32 14.2133 2.21782 -0.121643
33 4.03438 17.9153 -0.0469878
34 11.2655 13.9103 -2.59234
35 12.0883 10.7968 -1.60858
36 18.8571 11.9773 0.959833
37 17.6094 12.4871 -1.60761
38 2.10989 9.13069 -1.686
39 8.3302 17.6656 -1.53018
40 2.44176 7.12596 2.61738
41 5.44264 12.9538 -2.54466
42 7.05138 6.09563 -1.41631
43 10.6818 9.6966 -0.0406642
44 5.38825 4.88251 -1.62097
45 4.37528 11.162 -0.778359
46 1.29784 5.07831 -2.56815
47 13.9261 14.2454 -2.14851
48 19.9548 5.33562 -3.39546
49 8.22074 0.661015 -1.33886
50 12.687 13.6141 0.468008
51 8.95566 11.0579 1.52153
52 1.61707 7.39309 -1.8888
53 16.0628 9.40601 -3.38181
54 7.97649 16.3286 2.18486
55 3.01435 10.164 0.899596
56 17.1672 6.51918 -1.44516
57 14.223 16.19 0.0124529
58 1.92353 18.8105 -0.401707
59 10.355 16.7542 1.43561
60 14.7043 4.18143 0.580939
61 13.9157 4.571 -1.718
62 19.6434 10.3327 -1.60089
63 19.9251 19.3084 0.0652112
64 17.6527 3.77414 -0.492563
65 14.0072 16.9332 1.67264
66 8.09016 17.7554 2.10667
67 18.7127 15.7068 0.401617
68 11.6137 7.44566 3.33671
69 19.4733 5.67842 -1.10827
70 9.71227 8.96848 -2.90857
71 3.5185 0.361507 -0.552274
72 3.57645 7.32938 1.16037
73 14.4188 6.16122 0.945058
74 10.1763 12.7267 -1.13067
75 11.7974 19.5779 0.419146
76 18.122 8.68789 -0.561955
77 12.9021 13.3785 2.60105
78 4.60371 9.98387 -0.465695
79 15.3711 0.872076 2.84004
80 9.39889 5.59121 2.43398
81 14.9544 19.0614 -0.106133
82 11.0553 11.4458 3.12352
83 1.50693 6.11394 -1.53845
84 5.3695 9.7056 0.0922272
85 7.89383 16.8843 3.2351
86 1.40832 4.17837 1.72144
87 7.17294 5.08327 -2.13421
88 6.45102 16.9734 -2.01817
89 14.1782 11.0564 -0.900167
90 8.39562 5.12414 0.0642745
91 1.63188 0.103697 0.647626
92 3.88548 1.41882 -0.904408
93 1.01537 17.7323 -2.92682
94 11.5773 8.76948 1.24747
95 6.56305 3.10083 2.39287
96 16.7787 17.2081 -1.00298
97 0.776695 6.06531 0.921516
98 6.53302 16.5574 -1.4889
99 19.305 9.1453 1.87567
