100
Particles
0 15.9309 3.6687 1.12253
1 11.937 8.91666 -1.05389
2 9.18498 6.67417 2.57733
3 13.0178 1.12823 1.68326
4 18.7711 0.0155753 -1.28715
5 12.3496 12.2331 1.00346
6 0.461249 10.4955 1.78392
7 0.933313 19.4751 -2.31916
8 1.81213 12.3677 -1.17394
9 19.6646 9.33526 0.706341
10 13.6062 9.00999 1.65966
11 18.844 11.2658 -2.75303
12 0.319325 4.61788 -2.5956
13 13.6653 12.1999 1.63731
14 3.46729 7.82121 -1.64691
15 15.1072 8.50312 -1.88096
16 11.354 0.626266 2.42508
17 8.99508 7.903 -3.12539
18 14.5454 6.53082 -0.781347
19 10.4167 19.2234 2.15429
20 14.9464 10.7938 -0.6294
21 19.3051 12.1407 0.545771
22 5.92547 3.30534 -2.68968
23 8.46803 7.89763 -1.13443
24 0.281596 3.97685 -1.35935
25 15.8035 12.1192 2.52936
26 13.0215 18.2992 1.17469
27 8.98901 1.9082 1.82828
28 13.3768 13.3184 -1.03763
29 5.49444 11.2249 2.67255
30 19.4342 16.9783 -0.66287
31 4.7197 5.12137 -2.4452
32 14.2133 2.21782 -2.32518
33 4.03438 17.9153 -0.897204
34 11.2655 13.9103 3.2561
35 12.0883 10.7968 -2.29899
36 18.8571 11.9773 0.872519
37 17.6094 12.4871 1.26439
38 2.10989 9.13069 -0.532358
39 8.3302 17.6656 -1.68567
40 2.44176 7.12596 -0.67589
41 5.44264 12.9538 -0.112739
42 7.05138 6.09563 -2.60998
43 10.6818 9.6966 0.755262
44 5.38825 4.88251 0.210328
45 4.37528 11.162 -1.46457
46 1.29784 5.07831 -2.09414
47 13.9261 14.2454 -1.1454
48 19.9548 5.33562 1.68646
49 8.22074 0.661015 -0.189148
50 12.687 13.6141 -1.76157
51 8.95566 11.0579 2.03124
52 1.61707 7.39309 -2.01991
53 16.0628 9.40601 1.8526
54 7.97649 16.3286 0.429665
55 3.01435 10.164 1.26892
56 17.1672 6.51918 0.870382
57 14.223 16.19 1.33169
58 1.92353 18.8105 2.0157
59 10.355 16.7542 0.649475
60 14.7043 4.18143 1.96214
61 13.9157 4.571 -1.59839
62 19.6434 10.3327 0.762221
63 19.9251 19.3084 1.22275
64 17.6527 3.77414 -0.627583
65 14.0072 16.9332 1.46972
66 8.09016 17.7554 -0.749238
67 18.7127 15.7068 0.117794
68 11.6137 7.44566 2.87014
69 19.4733 5.67842 1.46724
70 9.71227 8.96848 2.85044
71 3.5185 0.361507 -2.41437
72 3.57645 7.32938 1.93534
73 14.4188 6.16122 0.379677
74 10.1763 12.7267 -2.63616
75 11.7974 19.5779 0.766827
76 18.122 8.68789 -0.55454
77 12.9021 13.3785 1.46237
78 4.60371 9.98387 -2.43245
79 15.3711 0.872076 2.07696
80 9.39889 5.59121 0.489191
81 14.9544 19.0614 1.06476
82 11.0553 11.4458 2.14544
83 1.50693 6.11394 2.30544
84 5.3695 9.7056 0.0268739
85 7.89383 16.8843 -2.69433
86 1.40832 4.17837 -0.72558
87 7.17294 5.08327 -2.04541
88 6.45102 16.9734 -2.98327
89 14.1782 11.0564 -0.0584021
90 8.39562 5.12414 1.27884
91 1.63188 0.103697 0.850111
92 3.88548 1.41882 -2.15084
93 1.01537 17.7323 -1.42291
94 11.5773 8.76948 1.33849
95 6.56305 3.10083 -2.79845
96 16.7787 17.2081 -1.05422
97 0.776695 6.06531 1.41763
98 6.53302 16.5574 -0.986481
99 19.305 9.1453 3.1536
