100
Particles
0 15.9309 3.6687 0.902962
1 11.937 8.91666 -1.07334
2 9.18498 6.67417 2.58011
3 13.0178 1.12823 1.73671
4 18.7711 0.0155753 -1.27887
5 12.3496 12.2331 1.00075
6 0.461249 10.4955 1.67882
7 0.933313 19.4751 -2.5886
8 1.81213 12.3677 -1.43185
9 19.6646 9.33526 0.664733
10 13.6062 9.00999 1.56905
11 18.844 11.2658 -2.74289
12 0.319325 4.61788 -2.71823
13 13.6653 12.1999 1.75538
14 3.46729 7.82121 -1.41823
15 15.1072 8.50312 -2.00734
16 11.354 0.626266 2.23218
17 8.99508 7.903 -3.36655
18 14.5454 6.53082 -0.708302
19 10.4167 19.2234 2.11902
20 14.9464 10.7938 -0.825425
21 19.3051 12.1407 0.64199
22 5.92547 3.30534 -2.91054
23 8.46803 7.89763 -1.10031
24 0.281596 3.97685 -1.3423
25 15.8035 12.1192 2.67653
26 13.0215 18.2992 0.895158
27 8.98901 1.9082 2.07199
28 13.3768 13.3184 -0.910091
29 5.49444 11.2249 2.49418
30 19.4342 16.9783 -0.861792
31 4.7197 5.12137 -2.48814
32 14.2133 2.21782 -2.12565
33 4.03438 17.9153 -0.681723
34 11.2655 13.9103 -3.01423
35 12.0883 10.7968 -2.07229
36 18.8571 11.9773 0.56178
37 17.6094 12.4871 0.972328
38 2.10989 9.13069 -0.273603
39 8.3302 17.6656 -1.51267
40 2.44176 7.12596 -0.706862
41 5.44264 12.9538 0.0466092
42 7.05138 6.09563 -2.32369
43 10.6818 9.6966 0.926221
44 5.38825 4.88251 0.425447
45 4.37528 11.162 -1.30083
46 1.29784 5.07831 -2.30261
47 13.9261 14.2454 -0.935808
48 19.9548 5.33562 1.49489
49 8.22074 0.661015 0.0575373
50 12.687 13.6141 -1.78755
51 8.95566 11.0579 2.14244
52 1.61707 7.39309 -2.02164
53 16.0628 9.40601 1.59749
54 7.97649 16.3286 0.298172
55 3.01435 10.164 1.57286
56 17.1672 6.51918 1.15986
57 14.223 16.19 1.2189
58 1.92353 18.8105 2.32753
59 10.355 16.7542 0.866591
60 14.7043 4.18143 2.03186
61 13.9157 4.571 -1.88734
62 19.6434 10.3327 1.01446
63 19.9251 19.3084 1.25883
64 17.6527 3.77414 -0.396063
65 14.0072 16.9332 1.67985
66 8.09016 17.7554 -0.540004
67 18.7127 15.7068 0.24231
68 11.6137 7.44566 2.73908
69 19.4733 5.67842 1.3643
70 9.71227 8.96848 2.7301
71 3.5185 0.361507 -2.71593
72 3.57645 7.32938 1.98722
73 14.4188 6.16122 0.504608
74 10.1763 12.7267 -2.41382
75 11.7974 19.5779 0.540737
76 18.122 8.68789 -0.526779
77 12.9021 13.3785 1.15325
78 4.60371 9.98387 -2.68686
79 15.3711 0.872076 1.79687
80 9.39889 5.59121 0.630863
81 14.9544 19.0614 0.801537
82 11.0553 11.4458 2.28144
83 1.50693 6.11394 2.14813
84 5.3695 9.7056 0.264198
85 7.89383 16.8843 -2.49757
86 1.40832 4.17837 -0.437917
87 7.17294 5.08327 -1.80429
88 6.45102 16.9734 -2.711
89 14.1782 11.0564 0.167002
90 8.39562 5.12414 1.40034
91 1.63188 0.103697 0.642928
92 3.88548 1.41882 -2.29428
93 1.01537 17.7323 -1.6034
94 11.5773 8.76948 1.40358
95 6.56305 3.10083 -2.79617
96 16.7787 17.2081 -0.823579
97 0.776695 6.06531 1.70206
98 6.53302 16.5574 -1.04626
99 19.305 9.1453 -3.12559
