100
Particles
0 15.9309 3.6687 1.19922
1 11.937 8.91666 -1.21393
2 9.18498 6.67417 2.76383
3 13.0178 1.12823 1.56407
4 18.7711 0.0155753 -1.16486
5 12.3496 12.2331 0.845941
6 0.461249 10.4955 1.91993
7 0.933313 19.4751 -2.54997
8 1.81213 12.3677 -1.62918
9 19.6646 9.33526 0.491549
10 13.6062 9.00999 1.56519
11 18.844 11.2658 -2.45286
12 0.319325 4.61788 -2.5488
13 13.6653 12.1999 1.74804
14 3.46729 7.82121 -1.52019
15 15.1072 8.50312 -1.97639
16 11.354 0.626266 2.38823
17 8.99508 7.903 3.09503
18 14.5454 6.53082 -0.818504
19 10.4167 19.2234 2.25798
20 14.9464 10.7938 -0.726284
21 19.3051 12.1407 0.930459
22 5.92547 3.30534 -2.63968
23 8.46803 7.89763 -0.918485
24 0.281596 3.97685 -1.20193
25 15.8035 12.1192 2.53455
26 13.0215 18.2992 1.11253
27 8.98901 1.9082 2.02644
28 13.3768 13.3184 -1.0532
29 5.49444 11.2249 2.4214
30 19.4342 16.9783 -0.650717
31 4.7197 5.12137 -2.70891
32 14.2133 2.21782 -2.15319
33 4.03438 17.9153 -0.686524
34 11.2655 13.9103 -3.30537
35 12.0883 10.7968 -2.26346
36 18.8571 11.9773 0.767078
37 17.6094 12.4871 1.18016
38 2.10989 9.13069 -0.404033
39 8.3302 17.6656 -1.27712
40 2.44176 7.12596 -0.536096
41 5.44264 12.9538 -0.00497101
42 7.05138 6.09563 -2.16761
43 10.6818 9.6966 1.21609
44 5.38825 4.88251 0.399666
45 4.37528 11.162 -1.46518
46 1.29784 5.07831 -2.02501
47 13.9261 14.2454 -0.870624
48 19.9548 5.33562 1.24687
49 8.22074 0.661015 0.103205
50 12.687 13.6141 -1.78719
51 8.95566 11.0579 2.36587
52 1.61707 7.39309 -2.00235
53 16.0628 9.40601 1.4437
54 7.97649 16.3286 0.408532
55 3.01435 10.164 1.59961
56 17.1672 6.51918 0.992124
57 14.223 16.19 1.26516
58 1.92353 18.8105 2.52956
59 10.355 16.7542 0.570384
60 14.7043 4.18143 2.11408
61 13.9157 4.571 -1.98185
62 19.6434 10.3327 0.884189
63 19.9251 19.3084 1.19134
64 17.6527 3.77414 -0.495323
65 14.0072 16.9332 1.8886
66 8.09016 17.7554 -0.681503
67 18.7127 15.7068 0.388804
68 11.6137 7.44566 2.48402
69 19.4733 5.67842 1.64792
70 9.71227 8.96848 2.80695
71 3.5185 0.361507 -2.58604
72 3.57645 7.32938 1.86033
73 14.4188 6.16122 0.449377
74 10.1763 12.7267 -2.58737
75 11.7974 19.5779 0.812507
76 18.122 8.68789 -0.534253
77 12.9021 13.3785 1.23521
78 4.60371 9.98387 -2.53967
79 15.3711 0.872076 1.71588
80 9.39889 5.59121 0.769157
81 14.9544 19.0614 0.912116
82 11.0553 11.4458 2.41066
83 1.50693 6.11394 2.14136
84 5.3695 9.7056 0.190645
85 7.89383 16.8843 -2.67219
86 1.40832 4.17837 -0.233948
87 7.17294 5.08327 -1.73621
88 6.45102 16.9734 -2.74597
89 14.1782 11.0564 0.445973
90 8.39562 5.12414 1.11624
91 1.63188 0.103697 0.862948
92 3.88548 1.41882 -1.98164
93 1.01537 17.7323 -1.36028
94 11.5773 8.76948 1.59863
95 6.56305 3.10083 -2.87515
96 16.7787 17.2081 -0.992399
97 0.776695 6.06531 1.84962
98 6.53302 16.5574 -1.16905
99 19.305 9.1453 -3.32914
