100
Particles
0 15.9309 3.6687 1.05719
1 11.937 8.91666 -1.18661
2 9.18498 6.67417 -3.25067
3 13.0178 1.12823 1.88932
4 18.7711 0.0155753 -0.738501
5 12.3496 12.2331 0.547937
6 0.461249 10.4955 2.15043
7 0.933313 19.4751 -2.44567
8 1.81213 12.3677 -1.98499
9 19.6646 9.33526 0.201093
10 13.6062 9.00999 1.84195
11 18.844 11.2658 -2.38923
12 0.319325 4.61788 -2.53985
13 13.6653 12.1999 1.09266
14 3.46729 7.82121 -1.60202
15 15.1072 8.50312 -2.05792
16 11.354 0.626266 2.52753
17 8.99508 7.903 -3.08022
18 14.5454 6.53082 -1.21107
19 10.4167 19.2234 2.59539
20 14.9464 10.7938 -1.15941
21 19.3051 12.1407 0.964652
22 5.92547 3.30534 -2.65787
23 8.46803 7.89763 -0.312707
24 0.281596 3.97685 -1.29163
25 15.8035 12.1192 2.06416
26 13.0215 18.2992 1.14427
27 8.98901 1.9082 1.69202
28 13.3768 13.3184 -0.871868
29 5.49444 11.2249 1.6964
30 19.4342 16.9783 -0.14773
31 4.7197 5.12137 -2.82999
32 14.2133 2.21782 -2.02271
33 4.03438 17.9153 -0.108933
34 11.2655 13.9103 -3.18387
35 12.0883 10.7968 -2.24661
36 18.8571 11.9773 0.889145
37 17.6094 12.4871 1.24797
38 2.10989 9.13069 -0.424367
39 8.3302 17.6656 -1.03514
40 2.44176 7.12596 -0.906977
41 5.44264 12.9538 -0.134797
42 7.05138 6.09563 -1.92705
43 10.6818 9.6966 1.51505
44 5.38825 4.88251 0.282436
45 4.37528 11.162 -1.75876
46 1.29784 5.07831 -2.63411
47 13.9261 14.2454 -0.229961
48 19.9548 5.33562 0.94904
49 8.22074 0.661015 -0.14084
50 12.687 13.6141 -1.50073
51 8.95566 11.0579 2.86547
52 1.61707 7.39309 -1.78646
53 16.0628 9.40601 1.44886
54 7.97649 16.3286 0.364882
55 3.01435 10.164 1.58669
56 17.1672 6.51918 1.29711
57 14.223 16.19 1.32661
58 1.92353 18.8105 2.38747
59 10.355 16.7542 0.317184
60 14.7043 4.18143 2.0723
61 13.9157 4.571 -1.78701
62 19.6434 10.3327 0.937951
63 19.9251 19.3084 1.52338
64 17.6527 3.77414 -0.971453
65 14.0072 16.9332 2.16788
66 8.09016 17.7554 0.0477398
67 18.7127 15.7068 0.301436
68 11.6137 7.44566 2.61178
69 19.4733 5.67842 1.59833
70 9.71227 8.96848 3.07671
71 3.5185 0.361507 -2.52219
72 3.57645 7.32938 2.5018
73 14.4188 6.16122 0.520802
74 10.1763 12.7267 -2.46219
75 11.7974 19.5779 0.868443
76 18.122 8.68789 -0.681618
77 12.9021 13.3785 0.979407
78 4.60371 9.98387 -2.05075
79 15.3711 0.872076 1.74829
80 9.39889 5.59121 0.430964
81 14.9544 19.0614 1.0419
82 11.0553 11.4458 2.46761
83 1.50693 6.11394 2.00755
84 5.3695 9.7056 0.130174
85 7.89383 16.8843 -2.73149
86 1.40832 4.17837 0.121733
87 7.17294 5.08327 -1.49764
88 6.45102 16.9734 -2.72542
89 14.1782 11.0564 0.65174
90 8.39562 5.12414 1.03544
91 1.63188 0.103697 0.901434
92 3.88548 1.41882 -1.52665
93 1.01537 17.7323 -1.79177
94 11.5773 8.76948 1.60197
95 6.56305 3.10083 -2.13166
96 16.7787 17.2081 -0.692321
97 0.776695 6.06531 1.45168
98 6.53302 16.5574 -1.23905
99 19.305 9.1453 2.78138
