100
Particles
0 15.9309 3.6687 1.23418
1 11.937 8.91666 -1.02388
2 9.18498 6.67417 3.01909
3 13.0178 1.12823 1.60323
4 18.7711 0.0155753 -0.858159
5 12.3496 12.2331 0.417438
6 0.461249 10.4955 2.34589
7 0.933313 19.4751 -2.7048
8 1.81213 12.3677 -1.79293
9 19.6646 9.33526 0.307394
10 13.6062 9.00999 1.98799
11 18.844 11.2658 -2.43182
12 0.319325 4.61788 -2.42693
13 13.6653 12.1999 1.16117
14 3.46729 7.82121 -1.43301
15 15.1072 8.50312 -2.09137
16 11.354 0.626266 2.51046
17 8.99508 7.903 -2.99001
18 14.5454 6.53082 -1.45732
19 10.4167 19.2234 2.55533
20 14.9464 10.7938 -0.86287
21 19.3051 12.1407 0.674087
22 5.92547 3.30534 -2.77348
23 8.46803 7.89763 -0.429505
24 0.281596 3.97685 -1.20777
25 15.8035 12.1192 1.81648
26 13.0215 18.2992 1.22503
27 8.98901 1.9082 1.43757
28 13.3768 13.3184 -1.12637
29 5.49444 11.2249 1.83977
30 19.4342 16.9783 -0.258229
31 4.7197 5.12137 -2.53002
32 14.2133 2.21782 -2.3134
33 4.03438 17.9153 -0.143423
34 11.2655 13.9103 2.85625
35 12.0883 10.7968 -2.33999
36 18.8571 11.9773 1.20219
37 17.6094 12.4871 1.49228
38 2.10989 9.13069 -0.708163
39 8.3302 17.6656 -0.995399
40 2.44176 7.12596 -0.814098
41 5.44264 12.9538 -0.317302
42 7.05138 6.09563 -2.15003
43 10.6818 9.6966 1.76913
44 5.38825 4.88251 0.577002
45 4.37528 11.162 -1.4497
46 1.29784 5.07831 -2.45205
47 13.9261 14.2454 -0.127229
48 19.9548 5.33562 0.85211
49 8.22074 0.661015 -0.347306
50 12.687 13.6141 -1.76527
51 8.95566 11.0579 2.98693
52 1.61707 7.39309 -1.60756
53 16.0628 9.40601 1.65398
54 7.97649 16.3286 0.624858
55 3.01435 10.164 1.8254
56 17.1672 6.51918 1.61111
57 14.223 16.19 1.1658
58 1.92353 18.8105 2.55291
59 10.355 16.7542 0.371508
60 14.7043 4.18143 1.92229
61 13.9157 4.571 -1.48422
62 19.6434 10.3327 1.18796
63 19.9251 19.3084 1.28996
64 17.6527 3.77414 -1.26918
65 14.0072 16.9332 2.28621
66 8.09016 17.7554 0.113167
67 18.7127 15.7068 0.575267
68 11.6137 7.44566 2.44465
69 19.4733 5.67842 1.3372
70 9.71227 8.96848 2.92542
71 3.5185 0.361507 -2.82446
72 3.57645 7.32938 2.21019
73 14.4188 6.16122 0.781464
74 10.1763 12.7267 -2.55517
75 11.7974 19.5779 0.812402
76 18.122 8.68789 -0.984234
77 12.9021 13.3785 0.835222
78 4.60371 9.98387 -1.85928
79 15.3711 0.872076 1.82086
80 9.39889 5.59121 0.590419
81 14.9544 19.0614 1.00874
82 11.0553 11.4458 2.34805
83 1.50693 6.11394 1.99675
84 5.3695 9.7056 0.0190067
85 7.89383 16.8843 -2.51851
86 1.40832 4.17837 -0.00539259
87 7.17294 5.08327 -1.39726
88 6.45102 16.9734 -2.95351
89 14.1782 11.0564 0.769151
90 8.39562 5.12414 1.29512
91 1.63188 0.103697 0.969659
92 3.88548 1.41882 -1.48904
93 1.01537 17.7323 -1.50204
94 11.5773 8.76948 1.68202
95 6.56305 3.10083 -2.28274
96 16.7787 17.2081 -0.822766
97 0.776695 6.06531 1.58068
98 6.53302 16.5574 -1.09112
99 19.305 9.1453 2.65792
