100
Particles
0 15.9309 3.6687 1.137
1 11.937 8.91666 -0.715341
2 9.18498 6.67417 2.76899
3 13.0178 1.12823 1.54331
4 18.7711 0.0155753 -1.13308
5 12.3496 12.2331 0.619177
6 0.461249 10.4955 2.08976
7 0.933313 19.4751 -2.59547
8 1.81213 12.3677 -2.0716
9 19.6646 9.33526 0.416002
10 13.6062 9.00999 2.20353
11 18.844 11.2658 -2.4954
12 0.319325 4.61788 -2.41303
13 13.6653 12.1999 1.0993
14 3.46729 7.82121 -1.55837
15 15.1072 8.50312 -1.90082
16 11.354 0.626266 2.3672
17 8.99508 7.903 -2.84993
18 14.5454 6.53082 -1.64193
19 10.4167 19.2234 2.39816
20 14.9464 10.7938 -0.965625
21 19.3051 12.1407 0.730106
22 5.92547 3.30534 -2.80211
23 8.46803 7.89763 -0.275476
24 0.281596 3.97685 -1.38774
25 15.8035 12.1192 1.50902
26 13.0215 18.2992 1.3988
27 8.98901 1.9082 1.63967
28 13.3768 13.3184 -1.40315
29 5.49444 11.2249 1.90945
30 19.4342 16.9783 -0.334754
31 4.7197 5.12137 -2.34535
32 14.2133 2.21782 -2.07815
33 4.03438 17.9153 0.077119
34 11.2655 13.9103 3.03042
35 12.0883 10.7968 -2.4851
36 18.8571 11.9773 1.39815
37 17.6094 12.4871 1.51332
38 2.10989 9.13069 -0.989174
39 8.3302 17.6656 -1.02245
40 2.44176 7.12596 -0.536282
41 5.44264 12.9538 -0.0736025
42 7.05138 6.09563 -2.39994
43 10.6818 9.6966 1.92252
44 5.38825 4.88251 0.769137
45 4.37528 11.162 -1.59334
46 1.29784 5.07831 -2.46989
47 13.9261 14.2454 0.00533823
48 19.9548 5.33562 0.813808
49 8.22074 0.661015 -0.590593
50 12.687 13.6141 -1.63591
51 8.95566 11.0579 3.24557
52 1.61707 7.39309 -1.51175
53 16.0628 9.40601 1.82601
54 7.97649 16.3286 0.535865
55 3.01435 10.164 1.62635
56 17.1672 6.51918 1.70082
57 14.223 16.19 1.05759
58 1.92353 18.8105 2.77915
59 10.355 16.7542 0.134398
60 14.7043 4.18143 1.88048
61 13.9157 4.571 -1.54911
62 19.6434 10.3327 1.4632
63 19.9251 19.3084 1.07202
64 17.6527 3.77414 -1.57715
65 14.0072 16.9332 2.12164
66 8.09016 17.7554 0.314403
67 18.7127 15.7068 0.392629
68 11.6137 7.44566 2.28184
69 19.4733 5.67842 1.10465
70 9.71227 8.96848 3.06079
71 3.5185 0.361507 -3.09515
72 3.57645 7.32938 2.10413
73 14.4188 6.16122 0.644804
74 10.1763 12.7267 -2.52052
75 11.7974 19.5779 0.957177
76 18.122 8.68789 -0.963577
77 12.9021 13.3785 1.10604
78 4.60371 9.98387 -1.57563
79 15.3711 0.872076 1.73382
80 9.39889 5.59121 0.764891
81 14.9544 19.0614 1.15878
82 11.0553 11.4458 2.59496
83 1.50693 6.11394 1.96404
84 5.3695 9.7056 0.0381535
85 7.89383 16.8843 -2.57143
86 1.40832 4.17837 0.214756
87 7.17294 5.08327 -1.56709
88 6.45102 16.9734 -3.11705
89 14.1782 11.0564 0.689107
90 8.39562 5.12414 1.12569
91 1.63188 0.103697 1.00799
92 3.88548 1.41882 -1.7187
93 1.01537 17.7323 -1.61502
94 11.5773 8.76948 1.94179
95 6.56305 3.10083 -2.33978
96 16.7787 17.2081 -0.666796
97 0.776695 6.06531 1.33781
98 6.53302 16.5574 -1.24973
99 19.305 9.1453 2.85103
