100
Particles
0 15.9309 3.6687 1.57299
1 11.937 8.91666 -1.03134
2 9.18498 6.67417 2.99559
3 13.0178 1.12823 1.97162
4 18.7711 0.0155753 -0.883305
5 12.3496 12.2331 0.854644
6 0.461249 10.4955 1.87931
7 0.933313 19.4751 -2.28031
8 1.81213 12.3677 -1.7602
9 19.6646 9.33526 0.482873
10 13.6062 9.00999 2.65154
11 18.844 11.2658 -2.54806
12 0.319325 4.61788 -2.27836
13 13.6653 12.1999 0.909559
14 3.46729 7.82121 -1.65486
15 15.1072 8.50312 -1.89994
16 11.354 0.626266 2.87329
17 8.99508 7.903 -2.64789
18 14.5454 6.53082 -1.18789
19 10.4167 19.2234 2.89682
20 14.9464 10.7938 -1.06473
21 19.3051 12.1407 0.877229
22 5.92547 3.30534 -3.19751
23 8.46803 7.89763 -0.585614
24 0.281596 3.97685 -1.58283
25 15.8035 12.1192 1.65841
26 13.0215 18.2992 1.77601
27 8.98901 1.9082 1.29768
28 13.3768 13.3184 -1.7018
29 5.49444 11.2249 1.83431
30 19.4342 16.9783 -0.279518
31 4.7197 5.12137 -2.4713
32 14.2133 2.21782 -2.13995
33 4.03438 17.9153 -0.189095
34 11.2655 13.9103 2.75636
35 12.0883 10.7968 -2.15525
36 18.8571 11.9773 1.26791
37 17.6094 12.4871 1.16982
38 2.10989 9.13069 -1.06414
39 8.3302 17.6656 -1.18358
40 2.44176 7.12596 -0.496595
41 5.44264 12.9538 -0.220239
42 7.05138 6.09563 -2.39717
43 10.6818 9.6966 2.16945
44 5.38825 4.88251 0.438863
45 4.37528 11.162 -1.61015
46 1.29784 5.07831 -2.58182
47 13.9261 14.2454 -0.147549
48 19.9548 5.33562 0.834198
49 8.22074 0.661015 -0.292012
50 12.687 13.6141 -1.69063
51 8.95566 11.0579 -2.97485
52 1.61707 7.39309 -1.9184
53 16.0628 9.40601 2.26749
54 7.97649 16.3286 0.286376
55 3.01435 10.164 1.65814
56 17.1672 6.51918 1.23349
57 14.223 16.19 1.06107
58 1.92353 18.8105 2.64232
59 10.355 16.7542 0.120436
60 14.7043 4.18143 1.86002
61 13.9157 4.571 -1.15736
62 19.6434 10.3327 1.4459
63 19.9251 19.3084 0.702026
64 17.6527 3.77414 -1.81832
65 14.0072 16.9332 2.37957
66 8.09016 17.7554 0.0557214
67 18.7127 15.7068 0.896768
68 11.6137 7.44566 2.08207
69 19.4733 5.67842 1.39767
70 9.71227 8.96848 2.8683
71 3.5185 0.361507 2.79475
72 3.57645 7.32938 2.4466
73 14.4188 6.16122 0.996007
74 10.1763 12.7267 -2.42882
75 11.7974 19.5779 0.474428
76 18.122 8.68789 -1.41896
77 12.9021 13.3785 0.895682
78 4.60371 9.98387 -1.54573
79 15.3711 0.872076 1.43252
80 9.39889 5.59121 0.153507
81 14.9544 19.0614 1.12532
82 11.0553 11.4458 2.68972
83 1.50693 6.11394 2.45905
84 5.3695 9.7056 -0.181061
85 7.89383 16.8843 -2.50356
86 1.40832 4.17837 0.219215
87 7.17294 5.08327 -1.42394
88 6.45102 16.9734 2.83117
89 14.1782 11.0564 0.420273
90 8.39562 5.12414 1.42712
91 1.63188 0.103697 0.513849
92 3.88548 1.41882 -1.87477
93 1.01537 17.7323 -1.49745
94 11.5773 8.76948 2.3112
95 6.56305 3.10083 -2.00141
96 16.7787 17.2081 -0.423466
97 0.776695 6.06531 1.1963
98 6.53302 16.5574 -1.43579
99 19.305 9.1453 2.52572
