100
Particles
0 15.9309 3.6687 1.44999
1 11.937 8.91666 -2.43748
2 9.18498 6.67417 -2.44742
3 13.0178 1.12823 0.986464
4 18.7711 0.0155753 2.62747
5 12.3496 12.2331 -2.75743
6 0.461249 10.4955 -0.393527
7 0.933313 19.4751 -1.37799
8 1.81213 12.3677 -1.15512
9 19.6646 9.33526 2.06385
10 13.6062 9.00999 2.69476
11 18.844 11.2658 -0.130665
12 0.319325 4.61788 -2.18234
13 13.6653 12.1999 1.21231
14 3.46729 7.82121 -1.45156
15 15.1072 8.50312 -2.13197
16 11.354 0.626266 2.74398
17 8.99508 7.903 2.84894
18 14.5454 6.53082 0.171145
19 10.4167 19.2234 2.44435
20 14.9464 10.7938 0.381096
21 19.3051 12.1407 -0.916574
22 5.92547 3.30534 -3.05168
23 8.46803 7.89763 -0.694732
24 0.281596 3.97685 1.62841
25 15.8035 12.1192 2.61487
26 13.0215 18.2992 1.87888
27 8.98901 1.9082 -1.36164
28 13.3768 13.3184 1.09515
29 5.49444 11.2249 -1.28132
30 19.4342 16.9783 1.71922
31 4.7197 5.12137 -2.31666
32 14.2133 2.21782 -0.367021
33 4.03438 17.9153 0.200871
34 11.2655 13.9103 -2.28353
35 12.0883 10.7968 -1.88409
36 18.8571 11.9773 1.20042
37 17.6094 12.4871 -1.59751
38 2.10989 9.13069 -1.43058
39 8.3302 17.6656 -1.48537
40 2.44176 7.12596 2.71924
41 5.44264 12.9538 -2.51715
42 7.05138 6.09563 -1.18729
43 10.6818 9.6966 0.106306
44 5.38825 4.88251 -1.60761
45 4.37528 11.162 -0.547037
46 1.29784 5.07831 -2.72819
47 13.9261 14.2454 -2.36381
48 19.9548 5.33562 2.67435
49 8.22074 0.661015 -1.44316
50 12.687 13.6141 0.303822
51 8.95566 11.0579 1.79176
52 1.61707 7.39309 -2.13646
53 16.0628 9.40601 3.0264
54 7.97649 16.3286 1.98959
55 3.01435 10.164 1.13939
56 17.1672 6.51918 -1.1553
57 14.223 16.19 -0.00924289
58 1.92353 18.8105 -0.163529
59 10.355 16.7542 1.12468
60 14.7043 4.18143 0.781967
61 13.9157 4.571 -1.88851
62 19.6434 10.3327 -1.3441
63 19.9251 19.3084 -0.248244
64 17.6527 3.77414 -0.457263
65 14.0072 16.9332 1.83389
66 8.09016 17.7554 1.95505
67 18.7127 15.7068 0.208807
68 11.6137 7.44566 -3.20779
69 19.4733 5.67842 -1.21733
70 9.71227 8.96848 -2.87097
71 3.5185 0.361507 -0.793646
72 3.57645 7.32938 1.0829
73 14.4188 6.16122 0.636599
74 10.1763 12.7267 -0.930436
75 11.7974 19.5779 0.185693
76 18.122 8.68789 -0.698084
77 12.9021 13.3785 2.29847
78 4.60371 9.98387 -0.508269
79 15.3711 0.872076 3.05375
80 9.39889 5.59121 2.36622
81 14.9544 19.0614 -0.30751
82 11.0553 11.4458 3.28292
83 1.50693 6.11394 -1.35699
84 5.3695 9.7056 -0.11276
85 7.89383 16.8843 -2.8779
86 1.40832 4.17837 2.00248
87 7.17294 5.08327 -2.34383
88 6.45102 16.9734 -1.84791
89 14.1782 11.0564 -0.769117
90 8.39562 5.12414 0.0476705
91 1.63188 0.103697 0.36986
92 3.88548 1.41882 -1.17164
93 1.01537 17.7323 -2.70539
94 11.5773 8.76948 1.55544
95 6.56305 3.10083 2.50349
96 16.7787 17.2081 -1.03694
97 0.776695 6.06531 1.01424
98 6.53302 16.5574 -1.42959
99 19.305 9.1453 1.80254
