100
Particles
0 15.9309 3.6687 1.5816
1 11.937 8.91666 -1.19454
2 9.18498 6.67417 2.75978
3 13.0178 1.12823 2.02579
4 18.7711 0.0155753 -0.717268
5 12.3496 12.2331 1.1645
6 0.461249 10.4955 2.04161
7 0.933313 19.4751 -2.09581
8 1.81213 12.3677 -1.68703
9 19.6646 9.33526 0.788187
10 13.6062 9.00999 2.73948
11 18.844 11.2658 -2.32171
12 0.319325 4.61788 -1.99826
13 13.6653 12.1999 1.17965
14 3.46729 7.82121 -1.72937
15 15.1072 8.50312 -2.16467
16 11.354 0.626266 2.66712
17 8.99508 7.903 -2.92484
18 14.5454 6.53082 -1.43582
19 10.4167 19.2234 2.69868
20 14.9464 10.7938 -1.16457
21 19.3051 12.1407 0.904586
22 5.92547 3.30534 3.21868
23 8.46803 7.89763 -0.767243
24 0.281596 3.97685 -1.47443
25 15.8035 12.1192 1.78675
26 13.0215 18.2992 1.81284
27 8.98901 1.9082 1.55128
28 13.3768 13.3184 -1.94622
29 5.49444 11.2249 1.63144
30 19.4342 16.9783 -0.324339
31 4.7197 5.12137 -2.70585
32 14.2133 2.21782 -2.0983
33 4.03438 17.9153 -0.252931
34 11.2655 13.9103 2.62102
35 12.0883 10.7968 -2.36261
36 18.8571 11.9773 1.16445
37 17.6094 12.4871 1.23765
38 2.10989 9.13069 -1.01652
39 8.3302 17.6656 -1.39493
40 2.44176 7.12596 -0.732265
41 5.44264 12.9538 -0.517637
42 7.05138 6.09563 -2.70352
43 10.6818 9.6966 2.40809
44 5.38825 4.88251 0.153034
45 4.37528 11.162 -1.46487
46 1.29784 5.07831 -2.3481
47 13.9261 14.2454 -0.400097
48 19.9548 5.33562 0.794175
49 8.22074 0.661015 -0.0015382
50 12.687 13.6141 -1.48068
51 8.95566 11.0579 -2.98132
52 1.61707 7.39309 -1.75342
53 16.0628 9.40601 2.47696
54 7.97649 16.3286 0.190889
55 3.01435 10.164 1.90454
56 17.1672 6.51918 1.21494
57 14.223 16.19 1.07855
58 1.92353 18.8105 2.9563
59 10.355 16.7542 0.336139
60 14.7043 4.18143 1.77316
61 13.9157 4.571 -1.46502
62 19.6434 10.3327 1.52518
63 19.9251 19.3084 0.830148
64 17.6527 3.77414 -1.72357
65 14.0072 16.9332 2.67354
66 8.09016 17.7554 0.283783
67 18.7127 15.7068 0.864618
68 11.6137 7.44566 1.80741
69 19.4733 5.67842 1.38263
70 9.71227 8.96848 2.9872
71 3.5185 0.361507 2.86243
72 3.57645 7.32938 2.47056
73 14.4188 6.16122 0.976415
74 10.1763 12.7267 -2.5584
75 11.7974 19.5779 0.334531
76 18.122 8.68789 -1.41882
77 12.9021 13.3785 0.682433
78 4.60371 9.98387 -1.64583
79 15.3711 0.872076 1.32193
80 9.39889 5.59121 0.208254
81 14.9544 19.0614 0.85306
82 11.0553 11.4458 2.89685
83 1.50693 6.11394 2.49825
84 5.3695 9.7056 -0.0737271
85 7.89383 16.8843 -2.37596
86 1.40832 4.17837 0.0882006
87 7.17294 5.08327 -1.44255
88 6.45102 16.9734 3.11783
89 14.1782 11.0564 0.587849
90 8.39562 5.12414 1.72215
91 1.63188 0.103697 0.668575
92 3.88548 1.41882 -2.0786
93 1.01537 17.7323 -1.77106
94 11.5773 8.76948 2.36
95 6.56305 3.10083 -2.09075
96 16.7787 17.2081 -0.56455
97 0.776695 6.06531 1.38933
98 6.53302 16.5574 -1.51936
99 19.305 9.1453 2.41074
