100
Particles
0 15.9309 3.6687 1.86981
1 11.937 8.91666 -0.708672
2 9.18498 6.67417 2.77328
3 13.0178 1.12823 2.35462
4 18.7711 0.0155753 -0.31656
5 12.3496 12.2331 0.875651
6 0.461249 10.4955 1.68135
7 0.933313 19.4751 -2.11479
8 1.81213 12.3677 -1.40666
9 19.6646 9.33526 0.931539
10 13.6062 9.00999 3.02173
11 18.844 11.2658 -1.92611
12 0.319325 4.61788 -2.11785
13 13.6653 12.1999 1.24484
14 3.46729 7.82121 -1.53981
15 15.1072 8.50312 -2.28935
16 11.354 0.626266 2.30866
17 8.99508 7.903 -2.86052
18 14.5454 6.53082 -1.72419
19 10.4167 19.2234 2.675
20 14.9464 10.7938 -0.898013
21 19.3051 12.1407 1.26225
22 5.92547 3.30534 -3.36178
23 8.46803 7.89763 -0.597033
24 0.281596 3.97685 -1.4958
25 15.8035 12.1192 1.92992
26 13.0215 18.2992 1.43161
27 8.98901 1.9082 1.86131
28 13.3768 13.3184 -1.94684
29 5.49444 11.2249 1.51059
30 19.4342 16.9783 -0.678539
31 4.7197 5.12137 -2.9114
32 14.2133 2.21782 -2.05169
33 4.03438 17.9153 -0.521781
34 11.2655 13.9103 2.22423
35 12.0883 10.7968 -2.60188
36 18.8571 11.9773 1.59395
37 17.6094 12.4871 1.49109
38 2.10989 9.13069 -1.18397
39 8.3302 17.6656 -1.04039
40 2.44176 7.12596 -1.2471
41 5.44264 12.9538 -0.26489
42 7.05138 6.09563 -2.7947
43 10.6818 9.6966 2.35972
44 5.38825 4.88251 0.20153
45 4.37528 11.162 -0.970056
46 1.29784 5.07831 -2.25043
47 13.9261 14.2454 -0.803805
48 19.9548 5.33562 0.949889
49 8.22074 0.661015 0.536365
50 12.687 13.6141 -1.48465
51 8.95566 11.0579 -3.10914
52 1.61707 7.39309 -1.69997
53 16.0628 9.40601 3.0454
54 7.97649 16.3286 0.380615
55 3.01435 10.164 1.62459
56 17.1672 6.51918 1.29761
57 14.223 16.19 0.739737
58 1.92353 18.8105 3.21206
59 10.355 16.7542 0.402107
60 14.7043 4.18143 2.22825
61 13.9157 4.571 -1.32897
62 19.6434 10.3327 1.79584
63 19.9251 19.3084 0.984753
64 17.6527 3.77414 -2.23862
65 14.0072 16.9332 2.54578
66 8.09016 17.7554 0.237249
67 18.7127 15.7068 0.969005
68 11.6137 7.44566 1.8377
69 19.4733 5.67842 1.04745
70 9.71227 8.96848 2.50369
71 3.5185 0.361507 2.39185
72 3.57645 7.32938 2.58902
73 14.4188 6.16122 1.42917
74 10.1763 12.7267 -2.59289
75 11.7974 19.5779 0.241147
76 18.122 8.68789 -1.14155
77 12.9021 13.3785 0.336612
78 4.60371 9.98387 -1.89229
79 15.3711 0.872076 1.10116
80 9.39889 5.59121 -0.154228
81 14.9544 19.0614 0.554879
82 11.0553 11.4458 2.47911
83 1.50693 6.11394 2.39786
84 5.3695 9.7056 -0.52949
85 7.89383 16.8843 -2.03666
86 1.40832 4.17837 -0.0276736
87 7.17294 5.08327 -1.14588
88 6.45102 16.9734 2.7384
89 14.1782 11.0564 0.552833
90 8.39562 5.12414 2.1214
91 1.63188 0.103697 1.00945
92 3.88548 1.41882 -1.75003
93 1.01537 17.7323 -2.21326
94 11.5773 8.76948 2.52374
95 6.56305 3.10083 -2.40941
96 16.7787 17.2081 -0.874875
97 0.776695 6.06531 1.02804
98 6.53302 16.5574 -1.60075
99 19.305 9.1453 2.44292
