100
Particles
0 15.9309 3.6687 2.02866
1 11.937 8.91666 -0.505556
2 9.18498 6.67417 3.01167
3 13.0178 1.12823 2.34691
4 18.7711 0.0155753 -0.234479
5 12.3496 12.2331 0.611455
6 0.461249 10.4955 1.67383
7 0.933313 19.4751 -2.33168
8 1.81213 12.3677 -1.48856
9 19.6646 9.33526 0.824288
10 13.6062 9.00999 2.97369
11 18.844 11.2658 -1.8811
12 0.319325 4.61788 -1.86471
13 13.6653 12.1999 1.17854
14 3.46729 7.82121 -1.23751
15 15.1072 8.50312 -2.12659
16 11.354 0.626266 2.31588
17 8.99508 7.903 -2.77003
18 14.5454 6.53082 -1.97412
19 10.4167 19.2234 2.89147
20 14.9464 10.7938 -0.846266
21 19.3051 12.1407 1.56765
22 5.92547 3.30534 3.00713
23 8.46803 7.89763 -0.387104
24 0.281596 3.97685 -1.30746
25 15.8035 12.1192 1.83282
26 13.0215 18.2992 1.28057
27 8.98901 1.9082 1.81764
28 13.3768 13.3184 -1.96742
29 5.49444 11.2249 1.34728
30 19.4342 16.9783 -0.430605
31 4.7197 5.12137 -2.88467
32 14.2133 2.21782 -1.75108
33 4.03438 17.9153 -0.326991
34 11.2655 13.9103 2.25923
35 12.0883 10.7968 -2.321
36 18.8571 11.9773 1.59701
37 17.6094 12.4871 1.73432
38 2.10989 9.13069 -1.2731
39 8.3302 17.6656 -1.11664
40 2.44176 7.12596 -1.29854
41 5.44264 12.9538 -0.235594
42 7.05138 6.09563 -2.76109
43 10.6818 9.6966 2.35746
44 5.38825 4.88251 0.0796364
45 4.37528 11.162 -0.701634
46 1.29784 5.07831 -2.19477
47 13.9261 14.2454 -0.861774
48 19.9548 5.33562 1.04488
49 8.22074 0.661015 0.704733
50 12.687 13.6141 -1.19516
51 8.95566 11.0579 -3.10942
52 1.61707 7.39309 -1.9437
53 16.0628 9.40601 3.00818
54 7.97649 16.3286 0.367402
55 3.01435 10.164 1.87403
56 17.1672 6.51918 1.23151
57 14.223 16.19 1.02457
58 1.92353 18.8105 -3.08047
59 10.355 16.7542 0.699792
60 14.7043 4.18143 1.91925
61 13.9157 4.571 -1.07839
62 19.6434 10.3327 2.06672
63 19.9251 19.3084 1.27442
64 17.6527 3.77414 -2.54456
65 14.0072 16.9332 2.3395
66 8.09016 17.7554 0.333862
67 18.7127 15.7068 0.670851
68 11.6137 7.44566 1.56351
69 19.4733 5.67842 0.872195
70 9.71227 8.96848 2.5115
71 3.5185 0.361507 2.42069
72 3.57645 7.32938 2.29638
73 14.4188 6.16122 1.22205
74 10.1763 12.7267 -2.59307
75 11.7974 19.5779 0.300171
76 18.122 8.68789 -1.36247
77 12.9021 13.3785 0.273052
78 4.60371 9.98387 -1.6382
79 15.3711 0.872076 1.41463
80 9.39889 5.59121 0.151898
81 14.9544 19.0614 0.794692
82 11.0553 11.4458 2.41293
83 1.50693 6.11394 2.51508
84 5.3695 9.7056 -0.581897
85 7.89383 16.8843 -1.94333
86 1.40832 4.17837 -0.147411
87 7.17294 5.08327 -1.07915
88 6.45102 16.9734 2.75332
89 14.1782 11.0564 0.254056
90 8.39562 5.12414 2.30405
91 1.63188 0.103697 0.702769
92 3.88548 1.41882 -1.87999
93 1.01537 17.7323 -2.52369
94 11.5773 8.76948 2.44595
95 6.56305 3.10083 -2.68388
96 16.7787 17.2081 -0.615058
97 0.776695 6.06531 0.975057
98 6.53302 16.5574 -1.6262
99 19.305 9.1453 2.34858
