100
Particles
0 15.9309 3.6687 2.10877
1 11.937 8.91666 -0.326857
2 9.18498 6.67417 3.10475
3 13.0178 1.12823 2.50286
4 18.7711 0.0155753 0.0206022
5 12.3496 12.2331 0.839878
6 0.461249 10.4955 1.7832
7 0.933313 19.4751 -2.51098
8 1.81213 12.3677 -1.40204
9 19.6646 9.33526 0.82811
10 13.6062 9.00999 3.11017
11 18.844 11.2658 -1.67192
12 0.319325 4.61788 -1.71221
13 13.6653 12.1999 1.3963
14 3.46729 7.82121 -1.51154
15 15.1072 8.50312 -2.42089
16 11.354 0.626266 2.16414
17 8.99508 7.903 -2.51828
18 14.5454 6.53082 -1.77076
19 10.4167 19.2234 3.00628
20 14.9464 10.7938 -0.720125
21 19.3051 12.1407 1.71007
22 5.92547 3.30534 3.28522
23 8.46803 7.89763 -0.178382
24 0.281596 3.97685 -1.22993
25 15.8035 12.1192 1.93694
26 13.0215 18.2992 1.10071
27 8.98901 1.9082 1.91648
28 13.3768 13.3184 -2.01474
29 5.49444 11.2249 1.12923
30 19.4342 16.9783 -0.238087
31 4.7197 5.12137 -2.87823
32 14.2133 2.21782 -1.4511
33 4.03438 17.9153 -0.464166
34 11.2655 13.9103 2.24708
35 12.0883 10.7968 -2.35368
36 18.8571 11.9773 1.35874
37 17.6094 12.4871 1.6879
38 2.10989 9.13069 -1.40658
39 8.3302 17.6656 -1.33006
40 2.44176 7.12596 -1.43541
41 5.44264 12.9538 -0.403197
42 7.05138 6.09563 -2.61401
43 10.6818 9.6966 2.06264
44 5.38825 4.88251 0.15344
45 4.37528 11.162 -0.537856
46 1.29784 5.07831 -2.20688
47 13.9261 14.2454 -0.590614
48 19.9548 5.33562 1.17549
49 8.22074 0.661015 0.860508
50 12.687 13.6141 -1.38559
51 8.95566 11.0579 -2.93519
52 1.61707 7.39309 -1.73504
53 16.0628 9.40601 2.92101
54 7.97649 16.3286 0.187303
55 3.01435 10.164 1.8018
56 17.1672 6.51918 1.38206
57 14.223 16.19 0.97282
58 1.92353 18.8105 -2.93178
59 10.355 16.7542 0.456988
60 14.7043 4.18143 2.11152
61 13.9157 4.571 -1.23345
62 19.6434 10.3327 1.90897
63 19.9251 19.3084 1.33121
64 17.6527 3.77414 -2.81466
65 14.0072 16.9332 2.04187
66 8.09016 17.7554 0.183712
67 18.7127 15.7068 0.694769
68 11.6137 7.44566 1.81963
69 19.4733 5.67842 1.08987
70 9.71227 8.96848 2.5055
71 3.5185 0.361507 2.12981
72 3.57645 7.32938 2.31853
73 14.4188 6.16122 1.35073
74 10.1763 12.7267 -2.69413
75 11.7974 19.5779 0.0557952
76 18.122 8.68789 -1.5016
77 12.9021 13.3785 0.443696
78 4.60371 9.98387 -1.73166
79 15.3711 0.872076 1.61065
80 9.39889 5.59121 0.0384999
81 14.9544 19.0614 0.583297
82 11.0553 11.4458 2.37262
83 1.50693 6.11394 2.4851
84 5.3695 9.7056 -0.885935
85 7.89383 16.8843 -2.18395
86 1.40832 4.17837 -0.345378
87 7.17294 5.08327 -1.32194
88 6.45102 16.9734 2.65375
89 14.1782 11.0564 0.545987
90 8.39562 5.12414 2.30984
91 1.63188 0.103697 0.782914
92 3.88548 1.41882 -1.97023
93 1.01537 17.7323 -2.6346
94 11.5773 8.76948 2.14634
95 6.56305 3.10083 -2.68367
96 16.7787 17.2081 -0.625357
97 0.776695 6.06531 0.760066
98 6.53302 16.5574 -1.46012
99 19.305 9.1453 2.34397
