100
Particles
0 15.9309 3.6687 2.00761
1 11.937 8.91666 -0.548711
2 9.18498 6.67417 3.13752
3 13.0178 1.12823 2.66171
4 18.7711 0.0155753 -0.116372
5 12.3496 12.2331 0.663191
6 0.461249 10.4955 1.79698
7 0.933313 19.4751 -2.72753
8 1.81213 12.3677 -1.29735
9 19.6646 9.33526 0.8943
10 13.6062 9.00999 2.85073
11 18.844 11.2658 -1.96313
12 0.319325 4.61788 -1.63663
13 13.6653 12.1999 1.26705
14 3.46729 7.82121 -1.77138
15 15.1072 8.50312 -2.25788
16 11.354 0.626266 2.0473
17 8.99508 7.903 -2.54366
18 14.5454 6.53082 -1.93613
19 10.4167 19.2234 3.08627
20 14.9464 10.7938 -0.844854
21 19.3051 12.1407 2.00414
22 5.92547 3.30534 -2.87045
23 8.46803 7.89763 -0.406636
24 0.281596 3.97685 -1.28227
25 15.8035 12.1192 1.86495
26 13.0215 18.2992 1.12223
27 8.98901 1.9082 2.13132
28 13.3768 13.3184 -1.96233
29 5.49444 11.2249 0.853748
30 19.4342 16.9783 -0.140436
31 4.7197 5.12137 -3.18719
32 14.2133 2.21782 -1.2752
33 4.03438 17.9153 -0.359465
34 11.2655 13.9103 2.12694
35 12.0883 10.7968 -2.48409
36 18.8571 11.9773 1.54615
37 17.6094 12.4871 1.86592
38 2.10989 9.13069 -1.49938
39 8.3302 17.6656 -1.45639
40 2.44176 7.12596 -1.39782
41 5.44264 12.9538 -0.7121
42 7.05138 6.09563 -2.87623
43 10.6818 9.6966 1.82775
44 5.38825 4.88251 -0.0442212
45 4.37528 11.162 -0.530304
46 1.29784 5.07831 -1.8976
47 13.9261 14.2454 -0.494724
48 19.9548 5.33562 0.899848
49 8.22074 0.661015 0.87658
50 12.687 13.6141 -1.38769
51 8.95566 11.0579 -3.15877
52 1.61707 7.39309 -1.47097
53 16.0628 9.40601 2.8838
54 7.97649 16.3286 0.498043
55 3.01435 10.164 1.75158
56 17.1672 6.51918 1.44989
57 14.223 16.19 0.724485
58 1.92353 18.8105 -2.96054
59 10.355 16.7542 0.292849
60 14.7043 4.18143 2.32236
61 13.9157 4.571 -1.05506
62 19.6434 10.3327 2.11266
63 19.9251 19.3084 1.47171
64 17.6527 3.77414 -2.60563
65 14.0072 16.9332 1.85389
66 8.09016 17.7554 0.15358
67 18.7127 15.7068 0.81531
68 11.6137 7.44566 1.90595
69 19.4733 5.67842 1.22581
70 9.71227 8.96848 2.33225
71 3.5185 0.361507 1.8775
72 3.57645 7.32938 2.58042
73 14.4188 6.16122 1.38853
74 10.1763 12.7267 -2.91164
75 11.7974 19.5779 0.240167
76 18.122 8.68789 -1.24089
77 12.9021 13.3785 0.236077
78 4.60371 9.98387 -1.53223
79 15.3711 0.872076 1.88286
80 9.39889 5.59121 0.313931
81 14.9544 19.0614 0.84352
82 11.0553 11.4458 2.40179
83 1.50693 6.11394 2.39475
84 5.3695 9.7056 -1.19552
85 7.89383 16.8843 -2.45984
86 1.40832 4.17837 -0.390089
87 7.17294 5.08327 -1.38519
88 6.45102 16.9734 2.45565
89 14.1782 11.0564 0.480315
90 8.39562 5.12414 2.10542
91 1.63188 0.103697 1.00207
92 3.88548 1.41882 -2.09703
93 1.01537 17.7323 -2.57267
94 11.5773 8.76948 2.14812
95 6.56305 3.10083 -2.96523
96 16.7787 17.2081 -0.347493
97 0.776695 6.06531 0.777172
98 6.53302 16.5574 -1.57004
99 19.305 9.1453 2.12917
