100
Particles
0 15.9309 3.6687 1.90615
1 11.937 8.91666 -0.849982
2 9.18498 6.67417 3.05179
3 13.0178 1.12823 2.68149
4 18.7711 0.0155753 0.117279
5 12.3496 12.2331 0.780922
6 0.461249 10.4955 1.55293
7 0.933313 19.4751 -2.94886
8 1.81213 12.3677 -1.34252
9 19.6646 9.33526 0.703107
10 13.6062 9.00999 2.55407
11 18.844 11.2658 -1.77148
12 0.319325 4.61788 -1.93852
13 13.6653 12.1999 1.47482
14 3.46729 7.82121 -1.995
15 15.1072 8.50312 -1.95963
16 11.354 0.626266 2.11256
17 8.99508 7.903 -2.39602
18 14.5454 6.53082 -2.18087
19 10.4167 19.2234 3.31379
20 14.9464 10.7938 -0.631733
21 19.3051 12.1407 2.10027
22 5.92547 3.30534 -2.86902
23 8.46803 7.89763 -0.267471
24 0.281596 3.97685 -1.59271
25 15.8035 12.1192 1.92303
26 13.0215 18.2992 1.34051
27 8.98901 1.9082 2.04141
28 13.3768 13.3184 -2.20845
29 5.49444 11.2249 0.804033
30 19.4342 16.9783 0.00225759
31 4.7197 5.12137 2.84925
32 14.2133 2.21782 -1.45989
33 4.03438 17.9153 -0.580915
34 11.2655 13.9103 2.31352
35 12.0883 10.7968 -2.75873
36 18.8571 11.9773 1.66339
37 17.6094 12.4871 1.78201
38 2.10989 9.13069 -1.33866
39 8.3302 17.6656 -1.16461
40 2.44176 7.12596 -1.64001
41 5.44264 12.9538 -0.828725
42 7.05138 6.09563 -2.68137
43 10.6818 9.6966 1.68083
44 5.38825 4.88251 -0.223216
45 4.37528 11.162 -0.325863
46 1.29784 5.07831 -1.59156
47 13.9261 14.2454 -0.458985
48 19.9548 5.33562 0.760392
49 8.22074 0.661015 0.812847
50 12.687 13.6141 -1.59496
51 8.95566 11.0579 3.28897
52 1.61707 7.39309 -1.29914
53 16.0628 9.40601 3.11949
54 7.97649 16.3286 0.200599
55 3.01435 10.164 1.79052
56 17.1672 6.51918 1.27035
57 14.223 16.19 0.624509
58 1.92353 18.8105 -2.7815
59 10.355 16.7542 0.0993484
60 14.7043 4.18143 2.40928
61 13.9157 4.571 -0.957946
62 19.6434 10.3327 2.39798
63 19.9251 19.3084 1.6446
64 17.6527 3.77414 -2.41485
65 14.0072 16.9332 1.87375
66 8.09016 17.7554 -0.0432216
67 18.7127 15.7068 0.76854
68 11.6137 7.44566 1.93705
69 19.4733 5.67842 1.33791
70 9.71227 8.96848 2.39992
71 3.5185 0.361507 1.81089
72 3.57645 7.32938 2.43296
73 14.4188 6.16122 1.18008
74 10.1763 12.7267 -2.78984
75 11.7974 19.5779 0.331524
76 18.122 8.68789 -1.12316
77 12.9021 13.3785 0.155984
78 4.60371 9.98387 -1.68151
79 15.3711 0.872076 2.04604
80 9.39889 5.59121 0.485868
81 14.9544 19.0614 0.815633
82 11.0553 11.4458 2.4721
83 1.50693 6.11394 2.31528
84 5.3695 9.7056 -1.06864
85 7.89383 16.8843 -2.2489
86 1.40832 4.17837 -0.271819
87 7.17294 5.08327 -1.37729
88 6.45102 16.9734 2.42968
89 14.1782 11.0564 0.569737
90 8.39562 5.12414 2.2184
91 1.63188 0.103697 1.03897
92 3.88548 1.41882 -2.01852
93 1.01537 17.7323 -2.82614
94 11.5773 8.76948 2.43198
95 6.56305 3.10083 -2.78253
96 16.7787 17.2081 -0.426707
97 0.776695 6.06531 0.816638
98 6.53302 16.5574 -1.85446
99 19.305 9.1453 1.84091
