100
Particles
0 15.9309 3.6687 1.74958
1 11.937 8.91666 -0.730789
2 9.18498 6.67417 3.27305
3 13.0178 1.12823 2.71868
4 18.7711 0.0155753 0.137468
5 12.3496 12.2331 0.719541
6 0.461249 10.4955 1.34031
7 0.933313 19.4751 -3.18865
8 1.81213 12.3677 -1.17873
9 19.6646 9.33526 0.971716
10 13.6062 9.00999 2.52786
11 18.844 11.2658 -1.6713
12 0.319325 4.61788 -1.67811
13 13.6653 12.1999 1.21729
14 3.46729 7.82121 -1.82505
15 15.1072 8.50312 -1.88623
16 11.354 0.626266 2.17454
17 8.99508 7.903 -2.52637
18 14.5454 6.53082 -2.06532
19 10.4167 19.2234 -2.78417
20 14.9464 10.7938 -0.874982
21 19.3051 12.1407 2.12133
22 5.92547 3.30534 -3.11955
23 8.46803 7.89763 -0.0333756
24 0.281596 3.97685 -1.58791
25 15.8035 12.1192 2.11653
26 13.0215 18.2992 1.25763
27 8.98901 1.9082 1.80584
28 13.3768 13.3184 -2.49653
29 5.49444 11.2249 0.666752
30 19.4342 16.9783 -0.158445
31 4.7197 5.12137 2.88717
32 14.2133 2.21782 -1.76039
33 4.03438 17.9153 -0.56799
34 11.2655 13.9103 2.24551
35 12.0883 10.7968 -2.71027
36 18.8571 11.9773 1.79057
37 17.6094 12.4871 1.86627
38 2.10989 9.13069 -1.03415
39 8.3302 17.6656 -1.39189
40 2.44176 7.12596 -1.68416
41 5.44264 12.9538 -0.875955
42 7.05138 6.09563 -2.73349
43 10.6818 9.6966 1.78375
44 5.38825 4.88251 -0.229607
45 4.37528 11.162 -0.31491
46 1.29784 5.07831 -1.63406
47 13.9261 14.2454 -0.150041
48 19.9548 5.33562 1.02904
49 8.22074 0.661015 0.692037
50 12.687 13.6141 -1.839
51 8.95566 11.0579 -2.78074
52 1.61707 7.39309 -0.986762
53 16.0628 9.40601 2.98918
54 7.97649 16.3286 0.111242
55 3.01435 10.164 2.06801
56 17.1672 6.51918 1.40301
57 14.223 16.19 0.496104
58 1.92353 18.8105 -2.73057
59 10.355 16.7542 0.378466
60 14.7043 4.18143 2.6052
61 13.9157 4.571 -0.805998
62 19.6434 10.3327 2.54689
63 19.9251 19.3084 1.44229
64 17.6527 3.77414 -2.21085
65 14.0072 16.9332 1.73308
66 8.09016 17.7554 0.227186
67 18.7127 15.7068 0.683491
68 11.6137 7.44566 2.16177
69 19.4733 5.67842 1.19103
70 9.71227 8.96848 2.40905
71 3.5185 0.361507 1.56389
72 3.57645 7.32938 2.53357
73 14.4188 6.16122 1.39124
74 10.1763 12.7267 -2.65258
75 11.7974 19.5779 0.346137
76 18.122 8.68789 -1.40897
77 12.9021 13.3785 0.428323
78 4.60371 9.98387 -1.5524
79 15.3711 0.872076 2.20052
80 9.39889 5.59121 0.671022
81 14.9544 19.0614 0.971294
82 11.0553 11.4458 2.4351
83 1.50693 6.11394 2.46207
84 5.3695 9.7056 -0.990081
85 7.89383 16.8843 -2.02646
86 1.40832 4.17837 -0.0817778
87 7.17294 5.08327 -1.66545
88 6.45102 16.9734 2.35358
89 14.1782 11.0564 0.27739
90 8.39562 5.12414 1.96838
91 1.63188 0.103697 1.10269
92 3.88548 1.41882 -1.78364
93 1.01537 17.7323 -3.06501
94 11.5773 8.76948 2.40125
95 6.56305 3.10083 -2.52437
96 16.7787 17.2081 -0.229225
97 0.776695 6.06531 0.828996
98 6.53302 16.5574 -1.68383
99 19.305 9.1453 1.85517
