100
Particles
0 15.9309 3.6687 1.53475
1 11.937 8.91666 -0.966575
2 9.18498 6.67417 -3.20593
3 13.0178 1.12823 2.62501
4 18.7711 0.0155753 0.407978
5 12.3496 12.2331 0.907835
6 0.461249 10.4955 1.29808
7 0.933313 19.4751 3.09018
8 1.81213 12.3677 -1.326
9 19.6646 9.33526 1.10011
10 13.6062 9.00999 2.71809
11 18.844 11.2658 -1.83535
12 0.319325 4.61788 -1.96599
13 13.6653 12.1999 1.29513
14 3.46729 7.82121 -1.78577
15 15.1072 8.50312 -1.94773
16 11.354 0.626266 2.26495
17 8.99508 7.903 -2.49457
18 14.5454 6.53082 -2.22204
19 10.4167 19.2234 -2.84843
20 14.9464 10.7938 -0.920149
21 19.3051 12.1407 2.36025
22 5.92547 3.30534 -2.82996
23 8.46803 7.89763 0.213554
24 0.281596 3.97685 -1.45019
25 15.8035 12.1192 2.16994
26 13.0215 18.2992 1.37654
27 8.98901 1.9082 2.08174
28 13.3768 13.3184 -2.65361
29 5.49444 11.2249 0.688819
30 19.4342 16.9783 -0.0393109
31 4.7197 5.12137 2.9998
32 14.2133 2.21782 -1.91604
33 4.03438 17.9153 -0.513495
34 11.2655 13.9103 2.43144
35 12.0883 10.7968 -2.72593
36 18.8571 11.9773 1.97486
37 17.6094 12.4871 1.77823
38 2.10989 9.13069 -0.758471
39 8.3302 17.6656 -1.37058
40 2.44176 7.12596 -1.62387
41 5.44264 12.9538 -1.17041
42 7.05138 6.09563 -2.94067
43 10.6818 9.6966 1.86727
44 5.38825 4.88251 -0.279954
45 4.37528 11.162 -0.309781
46 1.29784 5.07831 -1.90865
47 13.9261 14.2454 0.0599025
48 19.9548 5.33562 1.2078
49 8.22074 0.661015 0.494339
50 12.687 13.6141 -1.7546
51 8.95566 11.0579 -2.58073
52 1.61707 7.39309 -0.89826
53 16.0628 9.40601 2.87005
54 7.97649 16.3286 0.20933
55 3.01435 10.164 1.88609
56 17.1672 6.51918 1.28881
57 14.223 16.19 0.332785
58 1.92353 18.8105 -2.69481
59 10.355 16.7542 0.132308
60 14.7043 4.18143 2.87746
61 13.9157 4.571 -0.910605
62 19.6434 10.3327 2.37031
63 19.9251 19.3084 1.44012
64 17.6527 3.77414 -2.35097
65 14.0072 16.9332 1.75501
66 8.09016 17.7554 0.132001
67 18.7127 15.7068 0.452312
68 11.6137 7.44566 2.01468
69 19.4733 5.67842 1.15235
70 9.71227 8.96848 2.11392
71 3.5185 0.361507 1.73394
72 3.57645 7.32938 2.61011
73 14.4188 6.16122 1.45493
74 10.1763 12.7267 -2.62365
75 11.7974 19.5779 0.402883
76 18.122 8.68789 -1.13587
77 12.9021 13.3785 0.119548
78 4.60371 9.98387 -1.83653
79 15.3711 0.872076 2.00668
80 9.39889 5.59121 0.461981
81 14.9544 19.0614 0.770983
82 11.0553 11.4458 2.54314
83 1.50693 6.11394 2.43661
84 5.3695 9.7056 -0.681087
85 7.89383 16.8843 -2.19807
86 1.40832 4.17837 -0.200637
87 7.17294 5.08327 -1.36119
88 6.45102 16.9734 2.56203
89 14.1782 11.0564 0.258415
90 8.39562 5.12414 2.00268
91 1.63188 0.103697 1.31831
92 3.88548 1.41882 -1.79559
93 1.01537 17.7323 -3.24972
94 11.5773 8.76948 2.60761
95 6.56305 3.10083 -2.50064
96 16.7787 17.2081 -0.447225
97 0.776695 6.06531 0.832506
98 6.53302 16.5574 -1.73836
99 19.305 9.1453 2.09195
