100
Particles
0 15.9309 3.6687 1.29979
1 11.937 8.91666 -0.730823
2 9.18498 6.67417 3.08492
3 13.0178 1.12823 2.56492
4 18.7711 0.0155753 0.195586
5 12.3496 12.2331 1.03401
6 0.461249 10.4955 1.56625
7 0.933313 19.4751 3.01188
8 1.81213 12.3677 -1.48836
9 19.6646 9.33526 1.13459
10 13.6062 9.00999 2.90419
11 18.844 11.2658 -2.14714
12 0.319325 4.61788 -1.88344
13 13.6653 12.1999 1.35577
14 3.46729 7.82121 -1.90003
15 15.1072 8.50312 -1.97825
16 11.354 0.626266 2.10596
17 8.99508 7.903 -2.31243
18 14.5454 6.53082 -2.13751
19 10.4167 19.2234 -2.82787
20 14.9464 10.7938 -0.987677
21 19.3051 12.1407 2.22917
22 5.92547 3.30534 -2.62718
23 8.46803 7.89763 0.183023
24 0.281596 3.97685 -1.44928
25 15.8035 12.1192 2.18302
26 13.0215 18.2992 1.3441
27 8.98901 1.9082 1.92849
28 13.3768 13.3184 -2.89216
29 5.49444 11.2249 0.436572
30 19.4342 16.9783 0.122458
31 4.7197 5.12137 2.82608
32 14.2133 2.21782 -2.19522
33 4.03438 17.9153 -0.326559
34 11.2655 13.9103 2.21408
35 12.0883 10.7968 -2.6473
36 18.8571 11.9773 1.87347
37 17.6094 12.4871 1.54354
38 2.10989 9.13069 -0.812205
39 8.3302 17.6656 -1.67543
40 2.44176 7.12596 -1.40959
41 5.44264 12.9538 -1.16193
42 7.05138 6.09563 -3.16739
43 10.6818 9.6966 1.70201
44 5.38825 4.88251 -0.312643
45 4.37528 11.162 -0.50527
46 1.29784 5.07831 -2.05405
47 13.9261 14.2454 0.0815076
48 19.9548 5.33562 1.41678
49 8.22074 0.661015 0.432663
50 12.687 13.6141 -1.61827
51 8.95566 11.0579 -2.34406
52 1.61707 7.39309 -1.07651
53 16.0628 9.40601 3.06307
54 7.97649 16.3286 0.371061
55 3.01435 10.164 1.7962
56 17.1672 6.51918 1.59639
57 14.223 16.19 0.183605
58 1.92353 18.8105 -2.84887
59 10.355 16.7542 0.303373
60 14.7043 4.18143 2.8364
61 13.9157 4.571 -1.01692
62 19.6434 10.3327 2.16841
63 19.9251 19.3084 1.60684
64 17.6527 3.77414 -2.17107
65 14.0072 16.9332 1.79683
66 8.09016 17.7554 0.41934
67 18.7127 15.7068 0.33806
68 11.6137 7.44566 1.83851
69 19.4733 5.67842 1.26386
70 9.71227 8.96848 2.27629
71 3.5185 0.361507 1.56109
72 3.57645 7.32938 2.34409
73 14.4188 6.16122 1.65003
74 10.1763 12.7267 -2.32426
75 11.7974 19.5779 0.493783
76 18.122 8.68789 -1.27544
77 12.9021 13.3785 0.431616
78 4.60371 9.98387 -1.58943
79 15.3711 0.872076 2.01509
80 9.39889 5.59121 0.666386
81 14.9544 19.0614 0.969419
82 11.0553 11.4458 2.81633
83 1.50693 6.11394 2.65082
84 5.3695 9.7056 -0.590811
85 7.89383 16.8843 -2.12939
86 1.40832 4.17837 -0.221147
87 7.17294 5.08327 -1.28172
88 6.45102 16.9734 2.74752
89 14.1782 11.0564 0.55312
90 8.39562 5.12414 1.98213
91 1.63188 0.103697 1.36459
92 3.88548 1.41882 -1.83027
93 1.01537 17.7323 3.13933
94 11.5773 8.76948 2.68925
95 6.56305 3.10083 -2.80359
96 16.7787 17.2081 -0.421363
97 0.776695 6.06531 0.573945
98 6.53302 16.5574 -2.03594
99 19.305 9.1453 2.27492
