100
Particles
0 15.9309 3.6687 1.17706
1 11.937 8.91666 -2.23546
2 9.18498 6.67417 -2.52795
3 13.0178 1.12823 1.18676
4 18.7711 0.0155753 2.47197
5 12.3496 12.2331 -3.07094
6 0.461249 10.4955 -0.607822
7 0.933313 19.4751 -1.39776
8 1.81213 12.3677 -0.875956
9 19.6646 9.33526 1.8139
10 13.6062 9.00999 2.91732
11 18.844 11.2658 -0.113686
12 0.319325 4.61788 -1.97756
13 13.6653 12.1999 1.08562
14 3.46729 7.82121 -1.23796
15 15.1072 8.50312 -1.96055
16 11.354 0.626266 2.57437
17 8.99508 7.903 2.6173
18 14.5454 6.53082 0.4024
19 10.4167 19.2234 2.73542
20 14.9464 10.7938 0.0866041
21 19.3051 12.1407 -0.771263
22 5.92547 3.30534 -2.79437
23 8.46803 7.89763 -0.470196
24 0.281596 3.97685 1.92028
25 15.8035 12.1192 2.77829
26 13.0215 18.2992 1.84263
27 8.98901 1.9082 -1.47979
28 13.3768 13.3184 0.982518
29 5.49444 11.2249 -1.14031
30 19.4342 16.9783 1.87368
31 4.7197 5.12137 -2.50493
32 14.2133 2.21782 -0.135723
33 4.03438 17.9153 0.335912
34 11.2655 13.9103 -2.24411
35 12.0883 10.7968 -1.90198
36 18.8571 11.9773 1.22758
37 17.6094 12.4871 -1.81161
38 2.10989 9.13069 -1.61675
39 8.3302 17.6656 -1.74225
40 2.44176 7.12596 2.50163
41 5.44264 12.9538 -2.54625
42 7.05138 6.09563 -1.16822
43 10.6818 9.6966 -0.196631
44 5.38825 4.88251 -1.42113
45 4.37528 11.162 -0.676365
46 1.29784 5.07831 -2.46943
47 13.9261 14.2454 -2.07007
48 19.9548 5.33562 2.47672
49 8.22074 0.661015 -1.46697
50 12.687 13.6141 -0.00956291
51 8.95566 11.0579 1.85354
52 1.61707 7.39309 -2.06903
53 16.0628 9.40601 2.86778
54 7.97649 16.3286 2.02629
55 3.01435 10.164 0.966937
56 17.1672 6.51918 -1.36841
57 14.223 16.19 0.0859596
58 1.92353 18.8105 -0.272904
59 10.355 16.7542 1.18139
60 14.7043 4.18143 0.740025
61 13.9157 4.571 -1.58418
62 19.6434 10.3327 -1.56427
63 19.9251 19.3084 -0.270488
64 17.6527 3.77414 -0.343878
65 14.0072 16.9332 1.76826
66 8.09016 17.7554 2.25331
67 18.7127 15.7068 0.348223
68 11.6137 7.44566 3.17403
69 19.4733 5.67842 -1.05581
70 9.71227 8.96848 -2.58656
71 3.5185 0.361507 -0.537406
72 3.57645 7.32938 1.22382
73 14.4188 6.16122 0.793152
74 10.1763 12.7267 -1.15291
75 11.7974 19.5779 -0.0638797
76 18.122 8.68789 -0.653534
77 12.9021 13.3785 1.99585
78 4.60371 9.98387 -0.519355
79 15.3711 0.872076 2.87176
80 9.39889 5.59121 2.26947
81 14.9544 19.0614 -0.134217
82 11.0553 11.4458 -2.72303
83 1.50693 6.11394 -1.62565
84 5.3695 9.7056 -0.0912445
85 7.89383 16.8843 -2.63755
86 1.40832 4.17837 1.74017
87 7.17294 5.08327 -2.13993
88 6.45102 16.9734 -1.93725
89 14.1782 11.0564 -0.880898
90 8.39562 5.12414 0.347671
91 1.63188 0.103697 0.181904
92 3.88548 1.41882 -1.05025
93 1.01537 17.7323 -2.50343
94 11.5773 8.76948 1.26716
95 6.56305 3.10083 2.61055
96 16.7787 17.2081 -0.753222
97 0.776695 6.06531 0.778129
98 6.53302 16.5574 -1.18064
99 19.305 9.1453 1.86209
