100
Particles
0 15.9309 3.6687 1.14815
1 11.937 8.91666 -0.830943
2 9.18498 6.67417 2.81103
3 13.0178 1.12823 2.36355
4 18.7711 0.0155753 0.36247
5 12.3496 12.2331 1.02995
6 0.461249 10.4955 1.80544
7 0.933313 19.4751 2.94731
8 1.81213 12.3677 -1.63369
9 19.6646 9.33526 1.03883
10 13.6062 9.00999 3.03788
11 18.844 11.2658 -2.11258
12 0.319325 4.61788 -1.62948
13 13.6653 12.1999 1.41996
14 3.46729 7.82121 -1.90442
15 15.1072 8.50312 -1.7987
16 11.354 0.626266 2.38716
17 8.99508 7.903 -2.403
18 14.5454 6.53082 -2.29466
19 10.4167 19.2234 -2.75485
20 14.9464 10.7938 -0.988385
21 19.3051 12.1407 2.53653
22 5.92547 3.30534 -2.65082
23 8.46803 7.89763 -0.0844324
24 0.281596 3.97685 -1.14934
25 15.8035 12.1192 2.39891
26 13.0215 18.2992 1.14194
27 8.98901 1.9082 2.18271
28 13.3768 13.3184 -2.99227
29 5.49444 11.2249 0.359359
30 19.4342 16.9783 0.377801
31 4.7197 5.12137 2.84501
32 14.2133 2.21782 -2.42282
33 4.03438 17.9153 -0.408834
34 11.2655 13.9103 2.35363
35 12.0883 10.7968 -2.85202
36 18.8571 11.9773 1.93017
37 17.6094 12.4871 1.66623
38 2.10989 9.13069 -0.910314
39 8.3302 17.6656 -1.55361
40 2.44176 7.12596 -1.16818
41 5.44264 12.9538 -1.17945
42 7.05138 6.09563 3.04222
43 10.6818 9.6966 1.54566
44 5.38825 4.88251 -0.247168
45 4.37528 11.162 -0.266602
46 1.29784 5.07831 -2.16421
47 13.9261 14.2454 0.0163104
48 19.9548 5.33562 1.35811
49 8.22074 0.661015 0.470872
50 12.687 13.6141 -1.78892
51 8.95566 11.0579 -2.14161
52 1.61707 7.39309 -1.20494
53 16.0628 9.40601 3.1921
54 7.97649 16.3286 0.379364
55 3.01435 10.164 1.85017
56 17.1672 6.51918 1.39508
57 14.223 16.19 0.331275
58 1.92353 18.8105 -3.04451
59 10.355 16.7542 0.0605114
60 14.7043 4.18143 2.86573
61 13.9157 4.571 -0.885414
62 19.6434 10.3327 1.88569
63 19.9251 19.3084 1.33628
64 17.6527 3.77414 -1.98089
65 14.0072 16.9332 1.99101
66 8.09016 17.7554 0.25931
67 18.7127 15.7068 0.41046
68 11.6137 7.44566 1.80281
69 19.4733 5.67842 1.34723
70 9.71227 8.96848 2.50429
71 3.5185 0.361507 1.29711
72 3.57645 7.32938 2.51875
73 14.4188 6.16122 1.64565
74 10.1763 12.7267 -2.28396
75 11.7974 19.5779 0.590501
76 18.122 8.68789 -1.0099
77 12.9021 13.3785 0.153095
78 4.60371 9.98387 -1.88507
79 15.3711 0.872076 1.81294
80 9.39889 5.59121 0.97203
81 14.9544 19.0614 1.10456
82 11.0553 11.4458 2.88836
83 1.50693 6.11394 2.36622
84 5.3695 9.7056 -0.352609
85 7.89383 16.8843 -1.93288
86 1.40832 4.17837 -0.1176
87 7.17294 5.08327 -1.3828
88 6.45102 16.9734 2.47766
89 14.1782 11.0564 0.603409
90 8.39562 5.12414 2.12016
91 1.63188 0.103697 1.10964
92 3.88548 1.41882 -1.74622
93 1.01537 17.7323 3.0051
94 11.5773 8.76948 2.85527
95 6.56305 3.10083 -2.7787
96 16.7787 17.2081 -0.654446
97 0.776695 6.06531 0.590607
98 6.53302 16.5574 -2.10145
99 19.305 9.1453 2.07408
