100
Particles
0 15.9309 3.6687 1.36273
1 11.937 8.91666 -1.13817
2 9.18498 6.67417 2.69299
3 13.0178 1.12823 2.0573
4 18.7711 0.0155753 0.108634
5 12.3496 12.2331 0.90246
6 0.461249 10.4955 1.52538
7 0.933313 19.4751 3.00803
8 1.81213 12.3677 -1.89328
9 19.6646 9.33526 1.16557
10 13.6062 9.00999 2.75679
11 18.844 11.2658 -2.38948
12 0.319325 4.61788 -1.7518
13 13.6653 12.1999 1.66914
14 3.46729 7.82121 -1.81558
15 15.1072 8.50312 -1.62898
16 11.354 0.626266 2.16194
17 8.99508 7.903 -2.19307
18 14.5454 6.53082 -2.6037
19 10.4167 19.2234 -2.93514
20 14.9464 10.7938 -0.915442
21 19.3051 12.1407 2.45815
22 5.92547 3.30534 -2.3466
23 8.46803 7.89763 -0.379529
24 0.281596 3.97685 -0.836065
25 15.8035 12.1192 2.47658
26 13.0215 18.2992 1.17883
27 8.98901 1.9082 1.90594
28 13.3768 13.3184 -3.13469
29 5.49444 11.2249 0.626183
30 19.4342 16.9783 0.286221
31 4.7197 5.12137 2.94658
32 14.2133 2.21782 -2.10898
33 4.03438 17.9153 -0.557701
34 11.2655 13.9103 2.40143
35 12.0883 10.7968 -2.72859
36 18.8571 11.9773 1.71944
37 17.6094 12.4871 1.44549
38 2.10989 9.13069 -0.937767
39 8.3302 17.6656 -1.62536
40 2.44176 7.12596 -1.03359
41 5.44264 12.9538 -1.44993
42 7.05138 6.09563 3.3389
43 10.6818 9.6966 1.24047
44 5.38825 4.88251 -0.183509
45 4.37528 11.162 -0.227248
46 1.29784 5.07831 -2.39373
47 13.9261 14.2454 -0.203026
48 19.9548 5.33562 1.54201
49 8.22074 0.661015 0.714385
50 12.687 13.6141 -1.92525
51 8.95566 11.0579 -2.18058
52 1.61707 7.39309 -1.29605
53 16.0628 9.40601 -3.35966
54 7.97649 16.3286 0.488192
55 3.01435 10.164 2.0545
56 17.1672 6.51918 1.27248
57 14.223 16.19 0.639261
58 1.92353 18.8105 -3.31101
59 10.355 16.7542 0.162168
60 14.7043 4.18143 2.8332
61 13.9157 4.571 -0.918965
62 19.6434 10.3327 1.85907
63 19.9251 19.3084 1.18465
64 17.6527 3.77414 -1.84544
65 14.0072 16.9332 2.13023
66 8.09016 17.7554 0.122586
67 18.7127 15.7068 0.62114
68 11.6137 7.44566 1.68773
69 19.4733 5.67842 1.48866
70 9.71227 8.96848 2.26616
71 3.5185 0.361507 1.08894
72 3.57645 7.32938 2.40301
73 14.4188 6.16122 1.70463
74 10.1763 12.7267 -2.19254
75 11.7974 19.5779 0.52538
76 18.122 8.68789 -1.27515
77 12.9021 13.3785 0.0736975
78 4.60371 9.98387 -1.76646
79 15.3711 0.872076 1.92038
80 9.39889 5.59121 0.758526
81 14.9544 19.0614 0.795287
82 11.0553 11.4458 3.04731
83 1.50693 6.11394 2.11889
84 5.3695 9.7056 -0.615027
85 7.89383 16.8843 -2.24534
86 1.40832 4.17837 -0.159948
87 7.17294 5.08327 -1.38075
88 6.45102 16.9734 2.56415
89 14.1782 11.0564 0.475273
90 8.39562 5.12414 2.25238
91 1.63188 0.103697 0.901877
92 3.88548 1.41882 -1.53763
93 1.01537 17.7323 3.05024
94 11.5773 8.76948 2.90798
95 6.56305 3.10083 -2.96105
96 16.7787 17.2081 -0.922041
97 0.776695 6.06531 0.568443
98 6.53302 16.5574 -2.02881
99 19.305 9.1453 1.81964
