100
Particles
0 15.9309 3.6687 1.64581
1 11.937 8.91666 -0.836319
2 9.18498 6.67417 2.72155
3 13.0178 1.12823 2.34009
4 18.7711 0.0155753 -0.0927767
5 12.3496 12.2331 0.604273
6 0.461249 10.4955 1.23598
7 0.933313 19.4751 3.06301
8 1.81213 12.3677 -2.1687
9 19.6646 9.33526 1.45369
10 13.6062 9.00999 2.53181
11 18.844 11.2658 -2.51217
12 0.319325 4.61788 -1.54916
13 13.6653 12.1999 1.49242
14 3.46729 7.82121 -1.97708
15 15.1072 8.50312 -1.53956
16 11.354 0.626266 2.02125
17 8.99508 7.903 -2.3706
18 14.5454 6.53082 -2.75816
19 10.4167 19.2234 -2.94102
20 14.9464 10.7938 -0.622583
21 19.3051 12.1407 2.6669
22 5.92547 3.30534 -2.48193
23 8.46803 7.89763 -0.465374
24 0.281596 3.97685 -0.858363
25 15.8035 12.1192 2.7775
26 13.0215 18.2992 0.972983
27 8.98901 1.9082 1.8164
28 13.3768 13.3184 -2.99054
29 5.49444 11.2249 0.917687
30 19.4342 16.9783 0.0698753
31 4.7197 5.12137 2.77528
32 14.2133 2.21782 -2.28133
33 4.03438 17.9153 -0.858709
34 11.2655 13.9103 2.46685
35 12.0883 10.7968 -2.62134
36 18.8571 11.9773 1.78386
37 17.6094 12.4871 1.17614
38 2.10989 9.13069 -1.20843
39 8.3302 17.6656 -1.80733
40 2.44176 7.12596 -1.16535
41 5.44264 12.9538 -1.26989
42 7.05138 6.09563 -3.1583
43 10.6818 9.6966 0.954014
44 5.38825 4.88251 -0.250119
45 4.37528 11.162 -0.279781
46 1.29784 5.07831 -2.42457
47 13.9261 14.2454 0.00237402
48 19.9548 5.33562 1.28943
49 8.22074 0.661015 0.842526
50 12.687 13.6141 -2.02707
51 8.95566 11.0579 -2.29998
52 1.61707 7.39309 -1.02428
53 16.0628 9.40601 2.76548
54 7.97649 16.3286 0.577747
55 3.01435 10.164 1.9132
56 17.1672 6.51918 1.27697
57 14.223 16.19 0.819144
58 1.92353 18.8105 3.21202
59 10.355 16.7542 0.374977
60 14.7043 4.18143 2.88484
61 13.9157 4.571 -1.07679
62 19.6434 10.3327 1.96038
63 19.9251 19.3084 1.31654
64 17.6527 3.77414 -2.15289
65 14.0072 16.9332 2.09203
66 8.09016 17.7554 0.338264
67 18.7127 15.7068 0.614597
68 11.6137 7.44566 1.56921
69 19.4733 5.67842 1.72227
70 9.71227 8.96848 2.04994
71 3.5185 0.361507 0.904498
72 3.57645 7.32938 2.52074
73 14.4188 6.16122 1.61192
74 10.1763 12.7267 -2.05869
75 11.7974 19.5779 0.310308
76 18.122 8.68789 -1.43081
77 12.9021 13.3785 -0.142037
78 4.60371 9.98387 -1.48189
79 15.3711 0.872076 1.86094
80 9.39889 5.59121 0.656248
81 14.9544 19.0614 0.490051
82 11.0553 11.4458 2.82955
83 1.50693 6.11394 2.06934
84 5.3695 9.7056 -0.886144
85 7.89383 16.8843 -2.23859
86 1.40832 4.17837 -0.188212
87 7.17294 5.08327 -1.21288
88 6.45102 16.9734 2.66456
89 14.1782 11.0564 0.44131
90 8.39562 5.12414 2.07938
91 1.63188 0.103697 1.04442
92 3.88548 1.41882 -1.40703
93 1.01537 17.7323 2.8324
94 11.5773 8.76948 3.16858
95 6.56305 3.10083 -3.23475
96 16.7787 17.2081 -1.20162
97 0.776695 6.06531 0.372
98 6.53302 16.5574 -1.77154
99 19.305 9.1453 1.8322
