100
Particles
0 15.9309 3.6687 1.83073
1 11.937 8.91666 -0.899318
2 9.18498 6.67417 2.97403
3 13.0178 1.12823 2.25241
4 18.7711 0.0155753 0.405899
5 12.3496 12.2331 0.581804
6 0.461249 10.4955 1.30441
7 0.933313 19.4751 2.84471
8 1.81213 12.3677 -2.16865
9 19.6646 9.33526 1.25605
10 13.6062 9.00999 2.56442
11 18.844 11.2658 -2.59308
12 0.319325 4.61788 -1.47456
13 13.6653 12.1999 1.6993
14 3.46729 7.82121 -2.15062
15 15.1072 8.50312 -1.52425
16 11.354 0.626266 1.54294
17 8.99508 7.903 -2.02468
18 14.5454 6.53082 -2.62239
19 10.4167 19.2234 -3.31085
20 14.9464 10.7938 -0.629143
21 19.3051 12.1407 3.10478
22 5.92547 3.30534 -2.70329
23 8.46803 7.89763 -0.637811
24 0.281596 3.97685 -0.770533
25 15.8035 12.1192 2.76609
26 13.0215 18.2992 0.852862
27 8.98901 1.9082 1.89519
28 13.3768 13.3184 -2.73033
29 5.49444 11.2249 0.987909
30 19.4342 16.9783 0.403134
31 4.7197 5.12137 2.52926
32 14.2133 2.21782 -1.80876
33 4.03438 17.9153 -1.04461
34 11.2655 13.9103 2.79822
35 12.0883 10.7968 -2.35221
36 18.8571 11.9773 1.92521
37 17.6094 12.4871 1.30081
38 2.10989 9.13069 -0.856631
39 8.3302 17.6656 -2.04713
40 2.44176 7.12596 -1.08657
41 5.44264 12.9538 -1.51422
42 7.05138 6.09563 3.33831
43 10.6818 9.6966 0.841931
44 5.38825 4.88251 -0.397453
45 4.37528 11.162 0.036453
46 1.29784 5.07831 -2.02899
47 13.9261 14.2454 0.158812
48 19.9548 5.33562 1.52402
49 8.22074 0.661015 0.942268
50 12.687 13.6141 -1.84115
51 8.95566 11.0579 -2.13777
52 1.61707 7.39309 -0.851918
53 16.0628 9.40601 3.3354
54 7.97649 16.3286 0.339542
55 3.01435 10.164 1.90175
56 17.1672 6.51918 1.26902
57 14.223 16.19 1.17772
58 1.92353 18.8105 3.34378
59 10.355 16.7542 -0.000576565
60 14.7043 4.18143 3.25942
61 13.9157 4.571 -1.06659
62 19.6434 10.3327 2.16933
63 19.9251 19.3084 0.985706
64 17.6527 3.77414 -2.23031
65 14.0072 16.9332 1.75067
66 8.09016 17.7554 0.548341
67 18.7127 15.7068 0.400825
68 11.6137 7.44566 1.6035
69 19.4733 5.67842 1.93447
70 9.71227 8.96848 2.02297
71 3.5185 0.361507 0.800663
72 3.57645 7.32938 2.58707
73 14.4188 6.16122 1.58577
74 10.1763 12.7267 -2.27535
75 11.7974 19.5779 0.1658
76 18.122 8.68789 -1.66827
77 12.9021 13.3785 -0.213189
78 4.60371 9.98387 -1.83861
79 15.3711 0.872076 2.2553
80 9.39889 5.59121 0.100759
81 14.9544 19.0614 0.707507
82 11.0553 11.4458 2.24703
83 1.50693 6.11394 2.10572
84 5.3695 9.7056 -0.809978
85 7.89383 16.8843 -2.20103
86 1.40832 4.17837 -0.634635
87 7.17294 5.08327 -1.83416
88 6.45102 16.9734 2.25842
89 14.1782 11.0564 0.361136
90 8.39562 5.12414 2.23294
91 1.63188 0.103697 0.640532
92 3.88548 1.41882 -1.24663
93 1.01537 17.7323 2.78147
94 11.5773 8.76948 -2.63131
95 6.56305 3.10083 3.33559
96 16.7787 17.2081 -1.55225
97 0.776695 6.06531 0.0808856
98 6.53302 16.5574 -2.12108
99 19.305 9.1453 1.81703
