100
Particles
0 15.9309 3.6687 2.12697
1 11.937 8.91666 -0.920433
2 9.18498 6.67417 2.85173
3 13.0178 1.12823 2.20792
4 18.7711 0.0155753 0.28326
5 12.3496 12.2331 0.4288
6 0.461249 10.4955 1.36331
7 0.933313 19.4751 2.54043
8 1.81213 12.3677 -2.31972
9 19.6646 9.33526 1.35745
10 13.6062 9.00999 2.2704
11 18.844 11.2658 -2.85496
12 0.319325 4.61788 -1.60437
13 13.6653 12.1999 1.93668
14 3.46729 7.82121 -1.98419
15 15.1072 8.50312 -1.82448
16 11.354 0.626266 1.54402
17 8.99508 7.903 -2.16625
18 14.5454 6.53082 -2.52899
19 10.4167 19.2234 3.11154
20 14.9464 10.7938 -0.40115
21 19.3051 12.1407 3.08934
22 5.92547 3.30534 -2.39261
23 8.46803 7.89763 -0.336227
24 0.281596 3.97685 -0.530411
25 15.8035 12.1192 2.81313
26 13.0215 18.2992 0.788778
27 8.98901 1.9082 1.80998
28 13.3768 13.3184 -3.03687
29 5.49444 11.2249 0.830311
30 19.4342 16.9783 0.540616
31 4.7197 5.12137 2.59437
32 14.2133 2.21782 -1.54711
33 4.03438 17.9153 -1.32734
34 11.2655 13.9103 2.58163
35 12.0883 10.7968 -2.17048
36 18.8571 11.9773 1.83631
37 17.6094 12.4871 1.06101
38 2.10989 9.13069 -0.544702
39 8.3302 17.6656 -1.86664
40 2.44176 7.12596 -1.14391
41 5.44264 12.9538 -1.31105
42 7.05138 6.09563 -2.8314
43 10.6818 9.6966 1.02413
44 5.38825 4.88251 -0.199403
45 4.37528 11.162 -0.22447
46 1.29784 5.07831 -1.95172
47 13.9261 14.2454 -0.151084
48 19.9548 5.33562 1.23717
49 8.22074 0.661015 1.1961
50 12.687 13.6141 -1.82383
51 8.95566 11.0579 -1.98955
52 1.61707 7.39309 -0.639232
53 16.0628 9.40601 -2.6653
54 7.97649 16.3286 0.571613
55 3.01435 10.164 1.89127
56 17.1672 6.51918 1.16596
57 14.223 16.19 0.960633
58 1.92353 18.8105 -3.00204
59 10.355 16.7542 -0.0844611
60 14.7043 4.18143 -2.98633
61 13.9157 4.571 -0.962601
62 19.6434 10.3327 2.46987
63 19.9251 19.3084 1.12921
64 17.6527 3.77414 -2.13999
65 14.0072 16.9332 1.64705
66 8.09016 17.7554 0.255861
67 18.7127 15.7068 0.2677
68 11.6137 7.44566 1.77217
69 19.4733 5.67842 1.74928
70 9.71227 8.96848 2.15629
71 3.5185 0.361507 0.85079
72 3.57645 7.32938 2.38089
73 14.4188 6.16122 1.436
74 10.1763 12.7267 -2.27767
75 11.7974 19.5779 0.114514
76 18.122 8.68789 -1.49325
77 12.9021 13.3785 -0.0659082
78 4.60371 9.98387 -1.79175
79 15.3711 0.872076 2.45779
80 9.39889 5.59121 0.140135
81 14.9544 19.0614 0.999291
82 11.0553 11.4458 2.06935
83 1.50693 6.11394 2.24026
84 5.3695 9.7056 -0.891695
85 7.89383 16.8843 -2.33991
86 1.40832 4.17837 -0.835453
87 7.17294 5.08327 -1.80117
88 6.45102 16.9734 2.07965
89 14.1782 11.0564 0.172861
90 8.39562 5.12414 2.54115
91 1.63188 0.103697 0.830126
92 3.88548 1.41882 -1.09063
93 1.01537 17.7323 2.96624
94 11.5773 8.76948 -2.33668
95 6.56305 3.10083 -2.90155
96 16.7787 17.2081 -1.72803
97 0.776695 6.06531 0.308469
98 6.53302 16.5574 -1.96857
99 19.305 9.1453 1.76319
