100
Particles
0 15.9309 3.6687 1.90924
1 11.937 8.91666 -0.715792
2 9.18498 6.67417 3.27967
3 13.0178 1.12823 2.3819
4 18.7711 0.0155753 0.459539
5 12.3496 12.2331 0.962624
6 0.461249 10.4955 1.36271
7 0.933313 19.4751 2.31034
8 1.81213 12.3677 -2.23612
9 19.6646 9.33526 1.18268
10 13.6062 9.00999 2.09795
11 18.844 11.2658 -2.70157
12 0.319325 4.61788 -1.9162
13 13.6653 12.1999 1.79495
14 3.46729 7.82121 -2.18475
15 15.1072 8.50312 -1.50527
16 11.354 0.626266 1.41613
17 8.99508 7.903 -1.61726
18 14.5454 6.53082 -2.58633
19 10.4167 19.2234 3.2953
20 14.9464 10.7938 -0.428278
21 19.3051 12.1407 3.16064
22 5.92547 3.30534 -2.61315
23 8.46803 7.89763 -0.795781
24 0.281596 3.97685 -0.35368
25 15.8035 12.1192 2.76679
26 13.0215 18.2992 0.956078
27 8.98901 1.9082 1.79659
28 13.3768 13.3184 2.98342
29 5.49444 11.2249 0.875812
30 19.4342 16.9783 1.14201
31 4.7197 5.12137 2.91759
32 14.2133 2.21782 -0.988656
33 4.03438 17.9153 -1.11025
34 11.2655 13.9103 2.57851
35 12.0883 10.7968 -2.21377
36 18.8571 11.9773 1.74378
37 17.6094 12.4871 1.49501
38 2.10989 9.13069 -0.421345
39 8.3302 17.6656 -1.74591
40 2.44176 7.12596 -1.71485
41 5.44264 12.9538 -1.22521
42 7.05138 6.09563 -3.0186
43 10.6818 9.6966 0.748072
44 5.38825 4.88251 -0.485909
45 4.37528 11.162 -0.537005
46 1.29784 5.07831 -1.98998
47 13.9261 14.2454 -0.0800647
48 19.9548 5.33562 1.52738
49 8.22074 0.661015 1.70691
50 12.687 13.6141 -1.67944
51 8.95566 11.0579 -2.10305
52 1.61707 7.39309 -0.444964
53 16.0628 9.40601 -2.92934
54 7.97649 16.3286 0.357662
55 3.01435 10.164 1.83532
56 17.1672 6.51918 1.55728
57 14.223 16.19 1.40452
58 1.92353 18.8105 -2.67871
59 10.355 16.7542 0.238765
60 14.7043 4.18143 -3.05457
61 13.9157 4.571 -0.669792
62 19.6434 10.3327 2.28325
63 19.9251 19.3084 1.01309
64 17.6527 3.77414 -2.15201
65 14.0072 16.9332 1.94682
66 8.09016 17.7554 0.205898
67 18.7127 15.7068 0.39562
68 11.6137 7.44566 1.86969
69 19.4733 5.67842 2.10001
70 9.71227 8.96848 2.17122
71 3.5185 0.361507 0.862878
72 3.57645 7.32938 2.43561
73 14.4188 6.16122 1.41838
74 10.1763 12.7267 -2.28193
75 11.7974 19.5779 0.128842
76 18.122 8.68789 -1.51147
77 12.9021 13.3785 -0.144273
78 4.60371 9.98387 -1.77098
79 15.3711 0.872076 2.20688
80 9.39889 5.59121 0.148395
81 14.9544 19.0614 1.0985
82 11.0553 11.4458 2.5218
83 1.50693 6.11394 2.25555
84 5.3695 9.7056 -1.37116
85 7.89383 16.8843 -2.2788
86 1.40832 4.17837 -0.999759
87 7.17294 5.08327 -2.15838
88 6.45102 16.9734 1.90993
89 14.1782 11.0564 0.107468
90 8.39562 5.12414 2.72707
91 1.63188 0.103697 0.812457
92 3.88548 1.41882 -0.534768
93 1.01537 17.7323 -2.814
94 11.5773 8.76948 -2.61083
95 6.56305 3.10083 -2.9181
96 16.7787 17.2081 -1.89261
97 0.776695 6.06531 0.00626475
98 6.53302 16.5574 -1.83085
99 19.305 9.1453 1.9828
