100
Particles
0 15.9309 3.6687 1.90219
1 11.937 8.91666 -0.7736
2 9.18498 6.67417 -3.18492
3 13.0178 1.12823 2.37091
4 18.7711 0.0155753 0.359701
5 12.3496 12.2331 0.988759
6 0.461249 10.4955 1.47278
7 0.933313 19.4751 2.3941
8 1.81213 12.3677 -2.25969
9 19.6646 9.33526 1.2179
10 13.6062 9.00999 1.96277
11 18.844 11.2658 -3.0005
12 0.319325 4.61788 -1.83765
13 13.6653 12.1999 1.63949
14 3.46729 7.82121 -2.07859
15 15.1072 8.50312 -1.35007
16 11.354 0.626266 1.67746
17 8.99508 7.903 -1.32942
18 14.5454 6.53082 -2.89387
19 10.4167 19.2234 -2.67977
20 14.9464 10.7938 -0.313284
21 19.3051 12.1407 -3.03237
22 5.92547 3.30534 -2.91775
23 8.46803 7.89763 -0.568812
24 0.281596 3.97685 -0.576425
25 15.8035 12.1192 2.97874
26 13.0215 18.2992 0.651697
27 8.98901 1.9082 1.8883
28 13.3768 13.3184 2.94245
29 5.49444 11.2249 0.687798
30 19.4342 16.9783 0.895433
31 4.7197 5.12137 2.87997
32 14.2133 2.21782 -1.22534
33 4.03438 17.9153 -1.11877
34 11.2655 13.9103 2.65719
35 12.0883 10.7968 -2.00807
36 18.8571 11.9773 1.85603
37 17.6094 12.4871 1.22182
38 2.10989 9.13069 -0.542339
39 8.3302 17.6656 -1.87913
40 2.44176 7.12596 -1.45408
41 5.44264 12.9538 -0.99413
42 7.05138 6.09563 -3.10019
43 10.6818 9.6966 0.478621
44 5.38825 4.88251 -0.238284
45 4.37528 11.162 -0.293098
46 1.29784 5.07831 -1.76708
47 13.9261 14.2454 0.136756
48 19.9548 5.33562 1.51498
49 8.22074 0.661015 1.50423
50 12.687 13.6141 -1.69358
51 8.95566 11.0579 -2.10644
52 1.61707 7.39309 -0.45129
53 16.0628 9.40601 -2.90497
54 7.97649 16.3286 0.205394
55 3.01435 10.164 1.75128
56 17.1672 6.51918 1.51593
57 14.223 16.19 1.17275
58 1.92353 18.8105 -2.70675
59 10.355 16.7542 0.433839
60 14.7043 4.18143 -2.84844
61 13.9157 4.571 -0.725358
62 19.6434 10.3327 2.29506
63 19.9251 19.3084 0.720076
64 17.6527 3.77414 -2.04241
65 14.0072 16.9332 1.88688
66 8.09016 17.7554 0.17164
67 18.7127 15.7068 0.630405
68 11.6137 7.44566 1.84571
69 19.4733 5.67842 1.79917
70 9.71227 8.96848 2
71 3.5185 0.361507 0.84756
72 3.57645 7.32938 2.38811
73 14.4188 6.16122 1.6448
74 10.1763 12.7267 -2.25545
75 11.7974 19.5779 0.247993
76 18.122 8.68789 -1.53075
77 12.9021 13.3785 -0.182188
78 4.60371 9.98387 -1.80473
79 15.3711 0.872076 2.15091
80 9.39889 5.59121 0.172638
81 14.9544 19.0614 0.941702
82 11.0553 11.4458 2.76751
83 1.50693 6.11394 2.15067
84 5.3695 9.7056 -1.59263
85 7.89383 16.8843 -2.53229
86 1.40832 4.17837 -1.30548
87 7.17294 5.08327 -2.20685
88 6.45102 16.9734 1.71365
89 14.1782 11.0564 -0.193089
90 8.39562 5.12414 2.73965
91 1.63188 0.103697 0.925541
92 3.88548 1.41882 -0.795048
93 1.01537 17.7323 -2.83855
94 11.5773 8.76948 -2.45775
95 6.56305 3.10083 -2.61286
96 16.7787 17.2081 -1.78756
97 0.776695 6.06531 -0.154057
98 6.53302 16.5574 -1.69479
99 19.305 9.1453 2.04433
