100
Particles
0 15.9309 3.6687 1.7211
1 11.937 8.91666 -0.552991
2 9.18498 6.67417 3.05265
3 13.0178 1.12823 2.66118
4 18.7711 0.0155753 0.499754
5 12.3496 12.2331 1.07959
6 0.461249 10.4955 1.61626
7 0.933313 19.4751 2.38034
8 1.81213 12.3677 -2.2564
9 19.6646 9.33526 1.43857
10 13.6062 9.00999 2.07645
11 18.844 11.2658 -2.7509
12 0.319325 4.61788 -1.59209
13 13.6653 12.1999 1.93888
14 3.46729 7.82121 -1.95279
15 15.1072 8.50312 -1.34862
16 11.354 0.626266 1.4678
17 8.99508 7.903 -1.20037
18 14.5454 6.53082 -3.02483
19 10.4167 19.2234 -2.81615
20 14.9464 10.7938 -0.477723
21 19.3051 12.1407 -2.79667
22 5.92547 3.30534 -2.68655
23 8.46803 7.89763 -0.486521
24 0.281596 3.97685 -0.593401
25 15.8035 12.1192 3.08689
26 13.0215 18.2992 0.719071
27 8.98901 1.9082 1.83535
28 13.3768 13.3184 2.86682
29 5.49444 11.2249 0.614156
30 19.4342 16.9783 0.951437
31 4.7197 5.12137 2.97275
32 14.2133 2.21782 -1.25566
33 4.03438 17.9153 -0.824278
34 11.2655 13.9103 2.39571
35 12.0883 10.7968 -2.10418
36 18.8571 11.9773 1.80518
37 17.6094 12.4871 0.918295
38 2.10989 9.13069 -0.627189
39 8.3302 17.6656 -2.02131
40 2.44176 7.12596 -1.45029
41 5.44264 12.9538 -1.09692
42 7.05138 6.09563 -2.95807
43 10.6818 9.6966 0.484862
44 5.38825 4.88251 -0.470912
45 4.37528 11.162 -0.13598
46 1.29784 5.07831 -2.0189
47 13.9261 14.2454 0.349787
48 19.9548 5.33562 1.78605
49 8.22074 0.661015 1.39267
50 12.687 13.6141 -1.42583
51 8.95566 11.0579 -1.92234
52 1.61707 7.39309 -0.185866
53 16.0628 9.40601 -2.8005
54 7.97649 16.3286 0.0392939
55 3.01435 10.164 1.99917
56 17.1672 6.51918 1.31755
57 14.223 16.19 0.992458
58 1.92353 18.8105 -2.8506
59 10.355 16.7542 0.310844
60 14.7043 4.18143 -2.83935
61 13.9157 4.571 -0.591238
62 19.6434 10.3327 2.56286
63 19.9251 19.3084 0.461484
64 17.6527 3.77414 -1.75692
65 14.0072 16.9332 2.15161
66 8.09016 17.7554 -0.10859
67 18.7127 15.7068 0.542643
68 11.6137 7.44566 2.04246
69 19.4733 5.67842 1.86927
70 9.71227 8.96848 2.17536
71 3.5185 0.361507 0.985183
72 3.57645 7.32938 2.38608
73 14.4188 6.16122 1.35654
74 10.1763 12.7267 -2.2025
75 11.7974 19.5779 -0.0356504
76 18.122 8.68789 -1.46557
77 12.9021 13.3785 0.00656533
78 4.60371 9.98387 -1.75132
79 15.3711 0.872076 2.4632
80 9.39889 5.59121 0.144908
81 14.9544 19.0614 1.09805
82 11.0553 11.4458 2.87257
83 1.50693 6.11394 2.45945
84 5.3695 9.7056 -1.45866
85 7.89383 16.8843 -2.74339
86 1.40832 4.17837 -1.01927
87 7.17294 5.08327 -2.10143
88 6.45102 16.9734 1.43678
89 14.1782 11.0564 -0.0940863
90 8.39562 5.12414 2.98037
91 1.63188 0.103697 0.973947
92 3.88548 1.41882 -0.88677
93 1.01537 17.7323 -2.63692
94 11.5773 8.76948 -2.28025
95 6.56305 3.10083 -2.58509
96 16.7787 17.2081 -2.00474
97 0.776695 6.06531 -0.310517
98 6.53302 16.5574 -1.54495
99 19.305 9.1453 2.23665
